1e-05,4.05526794669805e-10,1.77497135102822e-05
0.0001,4.05526762169729e-08,0.000177497129135036
0.001,4.05523512183048e-06,0.00177495963499682
0.01,0.000405198722341983,0.0177381982313112
0.1,0.0374715594499249,0.166797651906475
0.12,0.0521792052260931,0.195087595147286
0.14,0.0683275409938584,0.221091390205531
0.16,0.0854603188410194,0.244766596050692
0.18,0.103150600098896,0.266171699044578
0.2,0.121023326177088,0.28544951378627
0.22,0.138771476710232,0.30280654242642
0.24,0.156164979396646,0.318489693075723
0.26,0.173052332244689,0.332762921518284
0.28,0.189355670196815,0.345885937577006
0.3,0.205060543825233,0.358096681701046
0.32,0.220202169798642,0.369598705401922
0.34,0.234849945904869,0.380553894055452
0.36,0.249092247972145,0.391080439862568
0.38,0.263022381189601,0.40125512572654
0.4,0.27672786426789,0.411119659610695
0.42,0.290282587617467,0.420687256266567
0.44,0.303742582822632,0.42995444930052
0.46,0.317145209314644,0.438904749223867
0.48,0.330510194825021,0.447520225073627
0.5,0.343843358242475,0.455784661146095
0.52,0.357140524548739,0.463687388628106
0.54,0.370391826154698,0.471224604725883
0.56,0.38358544715722,0.478399200630204
0.58,0.396710462608478,0.485219854971161
0.6,0.409758563662342,0.491698342072994
0.62,0.422724763420479,0.4978483861737
0.64,0.435607515205505,0.503683200717928
0.66,0.448406392389788,0.509214650296856
0.68,0.461124150898813,0.514452728538898
0.7,0.473762563910342,0.51940478715284
0.72,0.486323146928169,0.524076509453114
0.74,0.498806310689003,0.528473064396047
0.76,0.511211188981122,0.532597595687457
0.78,0.523535796621524,0.536454244111325
0.8,0.535777358101327,0.540047585411342
0.82,0.54793274871493,0.543382381550581
0.84,0.559998907983755,0.546464647813565
0.86,0.571973151673275,0.549300197585335
0.88,0.583853340419147,0.551895593590164
0.9,0.595637910596789,0.554256805594815
0.92,0.607325747531115,0.556389766856343
0.94,0.618916017466677,0.558299840505082
0.96,0.630407974988522,0.559991870205282
0.98,0.641800760672742,0.561470349886728
1,0.653093321812225,0.562739458098502
1.02,0.664284360760121,0.563803209216038
1.04,0.675372367606566,0.564665570200375
1.06,0.68635570846524,0.565330653755112
1.08,0.697232724465037,0.565802681186786
1.1,0.70800183674784,0.566085968010593
1.12,0.718661624685039,0.566184885988734
1.14,0.729210845243913,0.566103810908781
1.16,0.739648435083395,0.56584704007494
1.18,0.749973481478078,0.56541873567423
1.2,0.76018514105536,0.564822823369858
1.22,0.770282619961787,0.564063139471304
1.24,0.780265082004233,0.563143277567431
1.26,0.790131654725189,0.562067071324582
1.28,0.799881417777084,0.560837826032812
1.3,0.809514033286636,0.559459152513569
1.32,0.81902671281557,0.557934603320378
1.34,0.828420392557493,0.556267786266097
1.36,0.837693631508313,0.554462307260502
1.38,0.846845685477626,0.552521739808592
1.4,0.855875900985803,0.550449664315125
1.42,0.864783725755052,0.548249553406089
1.44,0.873568648348509,0.545924833545019
1.46,0.882230227417602,0.543478865373611
1.48,0.890768037598176,0.540914914575913
1.5,0.899181635555526,0.538236196814523
1.52,0.907470626190054,0.53544587648371
1.54,0.91563459301521,0.532547127041477
1.56,0.923673158677041,0.529543054627382
1.58,0.931585961634588,0.526436865431522
1.6,0.93937270074381,0.523231660516733
1.62,0.94703314865277,0.519930564999662
1.64,0.95456782119071,0.516536710333917
1.66,0.961974434900784,0.513053158049685
1.68,0.969255165807667,0.509482934928063
1.7,0.976409173715612,0.505828977137403
1.72,0.983436509557072,0.502094197513418
1.74,0.99033721129083,0.498281489321347
1.76,0.997111330354342,0.494393689095194
1.78,1.00375894669871,0.490433582795751
1.8,1.01028016417499,0.486404021007742
1.82,1.01667518126329,0.482307802249668
1.84,1.02294409696071,0.478147660623718
1.86,1.02908717959862,0.473926346160329
1.88,1.03510469702109,0.469646564450045
1.9,1.04099696316232,0.465310975173881
1.92,1.04676464427262,0.46092227354937
1.94,1.052407240007,0.456483023540367
1.96,1.0579260961506,0.451995790954002
1.98,1.06332137304231,0.447463162029752
2,1.06859356293104,0.442887598299901
2.1,1.09312702790801,0.419451288424865
2.2,1.11467331385526,0.395299868593611
2.3,1.13332841950431,0.370712773738526
2.4,1.14920447421155,0.345945967576304
2.5,1.16242930465177,0.321236487492439
2.6,1.1731440881322,0.296798637706695
2.7,1.18149911982771,0.272825253228105
2.8,1.18765648901834,0.24948713311153
2.9,1.19178339517769,0.226932915420706
3,1.19405183735484,0.205289934279537
3.1,1.19463670935701,0.184663790598696
3.2,1.19371377156917,0.165139871253522
3.3,1.19145709009909,0.146783390238868
3.4,1.18803771423418,0.129640753132769
3.5,1.18362256814619,0.113740618836735
3.6,1.17837205305904,0.0990948675563497
3.7,1.17243898958982,0.0857001962798481
3.8,1.16596875685994,0.07353946173855
3.9,1.15909511082296,0.0625832919765264
4,1.15194385381703,0.0527906763617524
4.1,1.14462854706992,0.0441124741556157
4.2,1.13725219539367,0.036490997416671
4.3,1.12990592228893,0.0298624831941413
4.4,1.12266965402447,0.0241584076367092
4.5,1.11561215770921,0.0193068602455322
4.6,1.10879079451873,0.0152339096946418
4.7,1.1022525871515,0.0118648611224359
4.8,1.09603423568775,0.00912535516283283
4.9,1.09016252439925,0.00694244365410765
5,1.08465669793573,0.00524546831793444
5.1,1.07952646848766,0.00396686783847444
5.2,1.07477503240302,0.0030428355034851
5.3,1.07039944944812,0.00241383533724999
5.4,1.06639061328888,0.00202503692788179
5.5,1.06273505819221,0.00182657912325218
5.6,1.05941568747749,0.00177376987857717
5.7,1.05641203477775,0.00182713766496882
5.8,1.05370168269231,0.00195240302393394
5.9,1.05126039089678,0.00212037448679118
6,1.04906334835413,0.00230672855921623
6.1,1.04708546445479,0.00249177279925669
6.2,1.04530193334121,0.0026601128151639
6.3,1.04368960983639,0.0028003014856231
6.4,1.04222225806873,0.00290444229882229
6.5,1.04088175701791,0.0029677775295935
6.6,1.03964730711746,0.00298827011864147
6.7,1.03850097560072,0.0029661731047063
6.8,1.03742711796335,0.00290361973353102
6.9,1.03641129881001,0.00280422313517064
7,1.03544142361092,0.00267269046678567
7.1,1.03450824850476,0.00251449268959087
7.2,1.03360464456281,0.00233552406155143
7.3,1.03272299309625,0.00214184128281056
7.4,1.03185961402833,0.00193940288435032
7.5,1.03101090306063,0.0017338879618554
7.6,1.0301764356339,0.0015305012807776
7.7,1.02935253417169,0.00133387468890194
7.8,1.02854211586634,0.00114796162865441
7.9,1.02774512573693,0.000975982547535021
8,1.02696298536581,0.000820404466280204
8.1,1.02619744606304,0.000682934188806321
8.2,1.02545022168142,0.000564574131079122
8.3,1.02472309070108,0.000465625813105058
8.4,1.02401830757793,0.000385793168482947
8.5,1.0233373540681,0.00032424446189042
8.6,1.02268168695896,0.000279697502867587
8.7,1.02205235151958,0.00025050723651239
8.8,1.02145031846305,0.000234773039278838
8.9,1.02087597223578,0.00023040204784554
9,1.02032916423676,0.000235228567161011
9.1,1.019809698856,0.000247068710361384
9.2,1.01931699442823,0.000263790317703256
9.3,1.018850119475,0.000283399489364061
9.4,1.01840731978289,0.000304082387014844
9.5,1.0179877667265,0.000324202308764345
9.6,1.01758962368792,0.000342410629593562
9.7,1.01721113995908,0.000357583086159522
9.8,1.01685053515088,0.000368898459619113
9.9,1.0165061240399,0.000375765245277453
10,1.01617595693068,0.000377881206461722
