1e-05,7.17470481647397e-10,2.0281454040688e-05
0.0001,7.17470302382298e-08,0.000202814511611871
0.001,7.17452376233475e-06,0.0020281093768188
0.01,0.000715663366773932,0.0202456895605987
0.1,0.0568157132629569,0.174180169234095
0.12,0.0747189775612627,0.198207426716333
0.14,0.0921905309302128,0.219146700310667
0.16,0.108757715147093,0.237807789199951
0.18,0.124327087610686,0.254944537732088
0.2,0.139064174903705,0.271122546525441
0.22,0.15324797112665,0.286674129041691
0.24,0.167147905081803,0.301728558807142
0.26,0.180951689676433,0.316285259487931
0.28,0.194748151421511,0.330293201238603
0.3,0.208549802869928,0.343709042526104
0.32,0.222331498315376,0.35652320530123
0.34,0.236064321651596,0.368758254787046
0.36,0.249733504010219,0.380452785325651
0.38,0.263340155847791,0.391644349295948
0.4,0.276893383405041,0.402360121336293
0.42,0.290401152310817,0.412616016936636
0.44,0.303865281042218,0.422424121543418
0.46,0.317281798523099,0.431793802185062
0.48,0.330644420793569,0.440739233421708
0.5,0.343948068732264,0.449276431733024
0.52,0.357190399110199,0.457421689544485
0.54,0.370371118414779,0.465189013305612
0.56,0.383490252802738,0.472590033278384
0.58,0.396546766721848,0.479634350124015
0.6,0.40953827816135,0.486330776619741
0.62,0.422461717446127,0.492688748463715
0.64,0.435314256981877,0.498718181991501
0.66,0.448093809096805,0.504428373198636
0.68,0.460798938766036,0.509828596917208
0.7,0.473428380036784,0.514926489419408
0.72,0.485980568355011,0.519729701057243
0.74,0.49845394599893,0.524244803673513
0.76,0.510845052656788,0.528478602479006
0.78,0.523153065951716,0.532438111545041
0.8,0.535375757125232,0.536130273072345
0.82,0.547511582143451,0.539561478147938
0.84,0.559559092500765,0.542737716229873
0.86,0.571516715764039,0.54566474458816
0.88,0.583382771118386,0.548347959446744
0.9,0.595155487328822,0.55079291999146
0.92,0.606833167190896,0.553005025793261
0.94,0.618414261156769,0.554989662280372
0.96,0.629897409047371,0.556751927985472
0.98,0.641281187240957,0.558296769310834
1,0.652564243778831,0.559628941574146
1.02,0.663745117798427,0.560753088306004
1.04,0.67482240704063,0.56167383414353
1.06,0.685794724482249,0.562395707237184
1.08,0.696660944136998,0.562923249727176
1.1,0.707419373885295,0.563260789068564
1.12,0.71806935252296,0.563412627728061
1.14,0.728609565760922,0.563382888020491
1.16,0.739038850666518,0.56317567039889
1.18,0.749356074542956,0.562795052452566
1.2,0.759560168061461,0.562244985353622
1.22,0.769650110337132,0.561529480635868
1.24,0.779624969233369,0.560652436810419
1.26,0.789483759114498,0.559617628176743
1.28,0.799225663364899,0.558428827359215
1.3,0.808849788885573,0.557089741017746
1.32,0.818355306640887,0.555603991799092
1.34,0.827741366452201,0.553975242644333
1.36,0.837007284973237,0.552207128440137
1.38,0.846152499213174,0.550303159286018
1.4,0.855176137141625,0.548266803726621
1.42,0.864077666069877,0.54610156315588
1.44,0.872856623975723,0.543810778771293
1.46,0.881512343467956,0.541397832508751
1.48,0.890044300521804,0.538866162022947
1.5,0.898452000665382,0.536219034824671
1.52,0.906735245805457,0.533459703485055
1.54,0.914893549187401,0.530591414226233
1.56,0.922926406850579,0.527617400361852
1.58,0.930833780448953,0.524540715417697
1.6,0.938615328667552,0.521364638332176
1.62,0.946270780329937,0.518092183076763
1.64,0.953800070728642,0.514726474459423
1.66,0.961202916334451,0.511270594693973
1.68,0.968479247735425,0.507727493307616
1.7,0.97562901252525,0.504100157389104
1.72,0.982652234363858,0.500391495985502
1.74,0.989548905368495,0.496604520749533
1.76,0.996319136243494,0.492741995778567
1.78,1.00296300918361,0.488806869907035
1.8,1.00948059853315,0.484801991193977
1.82,1.01587211562476,0.48073012573802
1.84,1.02213770784121,0.476594072672682
1.86,1.02827769901977,0.472396462780437
1.88,1.03429227319611,0.468140089039471
1.9,1.04018158373262,0.46382759593529
1.92,1.04594643294372,0.459461594259341
1.94,1.05158684247374,0.455044746301947
1.96,1.057103311178,0.450579642196433
1.98,1.06249645628331,0.446068766606022
2,1.0677665025336,0.441514714106862
2.1,1.09229115828989,0.41818221332635
2.2,1.11383257675042,0.394128513278058
2.3,1.13248641271919,0.369633432262292
2.4,1.14836386059481,0.344953589434622
2.5,1.161593332212,0.320326068763828
2.6,1.17231505174618,0.295965573802494
2.7,1.18068087834034,0.27206510734464
2.8,1.18685052171687,0.248795577597847
2.9,1.19099204527199,0.226305849945209
3,1.19327724923962,0.20472322735935
3.1,1.19388077893135,0.184153623014996
3.2,1.19297791092949,0.164682331343436
3.3,1.19074211166317,0.146374811601406
3.4,1.18734563243878,0.129277535766401
3.5,1.18295384249002,0.113419224338281
3.6,1.17772737746951,0.0988119411583976
3.7,1.17181574467025,0.0854525042376909
3.8,1.16537337161353,0.0733238877778408
3.9,1.15852493866643,0.0623968553426029
4,1.15139849974001,0.0526304997463873
4.1,1.14410781154195,0.0439759129611806
4.2,1.13675565022544,0.0363754949139066
4.3,1.12943331905169,0.0297656787211842
4.4,1.12222031901263,0.0240780655188688
4.5,1.11518537497593,0.0192409227167115
4.6,1.10838581701453,0.0151804855244173
4.7,1.10186846374302,0.0118221972179032
4.8,1.09567014172985,0.00909187151536973
4.9,1.08981771171105,0.0069166994778969
5,1.08432982443976,0.00522616948305372
5.1,1.07921671311787,0.00395286766365515
5.2,1.07448156014826,0.00303311763162801
5.3,1.07012105821793,0.00240751143955197
5.4,1.0661264426694,0.00202133376685422
5.5,1.06248426668354,0.00182484106446023
5.6,1.05917736257951,0.00177343849875431
5.7,1.05618520067827,0.00182775447310594
5.8,1.05348537736015,0.00195358840770427
5.9,1.05105400248778,0.00212182713485377
6,1.04886619074914,0.00230821546198199
6.1,1.04689676107438,0.00249311946533104
6.2,1.0451208950711,0.00266119597656956
6.3,1.04351473586091,0.00280103915339645
6.4,1.04205521031714,0.00290479167297305
6.5,1.04072103459044,0.00296772742621504
6.6,1.03949233319959,0.00298784209441667
6.7,1.03835119637916,0.00296537103775685
6.8,1.03728207153784,0.00290250297861575
6.9,1.03627068559142,0.00280281861460723
7,1.03530557563152,0.00267108666553439
7.1,1.03437690167443,0.00251273028888863
7.2,1.03347664315505,0.00233365988934917
7.3,1.03260006734629,0.00213992308938519
7.4,1.0317389881148,0.00193749447743426
7.5,1.03089343253341,0.00173202962629564
7.6,1.03006120136749,0.00152872319240675
7.7,1.02924121358094,0.00133221101380822
7.8,1.02843377280582,0.00114643299940996
7.9,1.0276395950112,0.000974612193857407
8,1.02686028220593,0.000819195726505257
8.1,1.02609718782863,0.000681896052490086
8.2,1.02535250088823,0.00056369942411581
8.3,1.02462799048571,0.000464911086419426
8.4,1.0239256275484,0.000385231263315914
8.5,1.02324857770053,0.000323819828180758
8.6,1.02259362316351,0.000279386321731536
8.7,1.02196657400983,0.000250314383484973
8.8,1.02136665547515,0.000234666753055314
8.9,1.02079430256429,0.00023036627454673
9,1.02025115228369,0.000235242506106317
9.1,1.01973196498677,0.000247122772776254
9.2,1.01924102352909,0.000263873131099093
9.3,1.01877574945972,0.000283488316643833
9.4,1.01833491812366,0.000304167133328281
9.5,1.01791700749348,0.000324279982744821
9.6,1.01752054033522,0.000342471248125304
9.7,1.01714362744893,0.000357622375197525
9.8,1.01678451755611,0.00036890871197625
9.9,1.01644142014677,0.000375748556032105
10,1.01611264730826,0.000377835922923193
