1e-05,5.61498638359136e-10,1.91925449584271e-05
0.0001,5.61498552329529e-08,0.000191925433870817
0.001,5.61489949474913e-06,0.00191923230806438
0.01,0.000560630724036161,0.0191705768060807
0.1,0.0484435945566868,0.172807083107103
0.12,0.0656678486046033,0.19916252725717
0.14,0.0835138917613812,0.22245181202505
0.16,0.101330497465839,0.24301136448213
0.18,0.118662307481276,0.26130328583289
0.2,0.135259212225139,0.277831061309659
0.22,0.151053463368056,0.293065568399591
0.24,0.166114193881824,0.307392737267432
0.26,0.180591856734463,0.321087524525606
0.28,0.19466470993802,0.334313124109446
0.3,0.208496695365307,0.347139419480518
0.32,0.22221170285877,0.359572192388547
0.34,0.235884662386716,0.371584255843763
0.36,0.249546190550772,0.383141619351557
0.38,0.26319542476696,0.394220526427501
0.4,0.276815315836102,0.404814717728663
0.42,0.290385957852588,0.414934116704177
0.44,0.303892111815612,0.424601234124768
0.46,0.317328053369957,0.433839796157747
0.48,0.330694544484104,0.442673120736608
0.5,0.343996473526734,0.451118841360109
0.52,0.357238894355311,0.459188780756402
0.54,0.370424448440642,0.466891517629295
0.56,0.383552490374022,0.4742328328172
0.58,0.396619686367056,0.481219840032831
0.6,0.409621441328586,0.487860782177496
0.62,0.422553371771664,0.494165542671495
0.64,0.435412258921541,0.500144602728606
0.66,0.448196288524562,0.505807952544149
0.68,0.460904637422402,0.511165241420484
0.7,0.473536802933647,0.516224172681184
0.72,0.486091952034099,0.520991689912182
0.74,0.498568607898813,0.525473819823485
0.76,0.510964665648614,0.529676499784124
0.78,0.523277681944572,0.533605892989024
0.8,0.535505248446465,0.537268604684954
0.82,0.54764527928999,0.540671342741589
0.84,0.559696091914867,0.543820387007352
0.86,0.571656336742324,0.546721790629706
0.88,0.583524796521367,0.549381316479879
0.9,0.595300183466863,0.551804153915999
0.92,0.606981034524392,0.553995245326258
0.94,0.618565697964823,0.555959546477769
0.96,0.630052441203293,0.557701859822869
0.98,0.641439586209926,0.559227177782404
1,0.652725574601585,0.56054040018019
1.02,0.663909029826161,0.561646450258156
1.04,0.674988717051173,0.562549985123672
1.06,0.685963481370813,0.563255550830058
1.08,0.69683214737518,0.563767406812092
1.1,0.707593495474598,0.564089742981872
1.12,0.718246267071115,0.564226689136469
1.14,0.72878918644504,0.564182396202168
1.16,0.739221026444856,0.563961012309856
1.18,0.749541205294205,0.563566608717377
1.2,0.759747007057568,0.563003246022845
1.22,0.769839201237161,0.562274842863518
1.24,0.779816250327793,0.561385353671789
1.26,0.78967729132597,0.560338455640995
1.28,0.799421445150574,0.559137845284357
1.3,0.809047779270715,0.557787197639042
1.32,0.818555480209684,0.556290159917876
1.34,0.8279436996007,0.554650348988834
1.36,0.837211694330468,0.552871364562318
1.38,0.846358972676668,0.550956805176067
1.4,0.855384283877004,0.54891014058936
1.42,0.864287688454592,0.546734809335942
1.44,0.873068401553232,0.54443420616559
1.46,0.881725913473124,0.542011685444769
1.48,0.890259677647872,0.539470532235805
1.5,0.898669213111792,0.536814089846539
1.52,0.906954138684764,0.534045573487693
1.54,0.915113979902317,0.531168291851281
1.56,0.923148496624441,0.528185421812421
1.58,0.931057360706805,0.525100168524127
1.6,0.938840316970122,0.521915593905245
1.62,0.946497237645589,0.518634841807051
1.64,0.954027882771832,0.515260961216952
1.66,0.961432072418447,0.511796998754264
1.68,0.968709753729614,0.508245930542218
1.7,0.975860819224711,0.50461074923075
1.72,0.982885321466313,0.500894391404506
1.74,0.989783128312025,0.497099800048578
1.76,0.996554537991684,0.493229853669232
1.78,1.00319946232894,0.489287380091584
1.8,1.00971806768693,0.485275240090669
1.82,1.01611049391959,0.481196254337577
1.84,1.02237710050142,0.477053104307
1.86,1.02851803749589,0.472848519064298
1.88,1.0345334323809,0.468585307902401
1.9,1.04042376337318,0.464265998599199
1.92,1.04618916387755,0.459893362397495
1.94,1.05183038168531,0.455469907537454
1.96,1.05734766038745,0.450998237183895
1.98,1.06274129546746,0.44648098660536
2,1.06801191158506,0.441920587275715
2.1,1.09253936569762,0.418557458138438
2.2,1.11408223202386,0.394474965046162
2.3,1.13273614455061,0.369952677533454
2.4,1.14861352050619,0.345247188314282
2.5,1.1618414255954,0.320595460755587
2.6,1.172560948778,0.296212114330151
2.7,1.18092334545129,0.272290069141635
2.8,1.18708970663354,0.24900021823414
2.9,1.19122692255644,0.226491468593395
3,1.19350716135161,0.204890979131633
3.1,1.19410502585701,0.18430462118685
3.2,1.1931962430315,0.164817788197104
3.3,1.1909543436869,0.146495758600222
3.4,1.18755090868627,0.129385057981716
3.5,1.18315225673852,0.113514367949037
3.6,1.17791881056493,0.0988956991540566
3.7,1.17200294582475,0.0855258259625765
3.8,1.16554977018627,0.0733877034387103
3.9,1.15869390830446,0.0624520449499725
4,1.15156026273408,0.0526779144743391
4.1,1.14426235470558,0.0440163297263244
4.2,1.13690298937308,0.036409681371069
4.3,1.12957346800512,0.029794326114539
4.4,1.12235371020676,0.0241018404672919
4.5,1.11531201767283,0.019260430839992
4.6,1.10850596657485,0.0151962939910667
4.7,1.10198235745499,0.0118348169916131
4.8,1.09577736362139,0.00910177280721658
4.9,1.08992006081859,0.00692431053336291
5,1.08442679486609,0.00523187036393404
5.1,1.07930860429953,0.0039570056353624
5.2,1.07456775652438,0.00303598867065465
5.3,1.07020390079758,0.00240937823120991
5.4,1.0662047946664,0.00202242501731801
5.5,1.06255871509027,0.00182535395349088
5.6,1.05924803397569,0.00177353748424397
5.7,1.05625242772829,0.00182757163146437
5.8,1.05354950993512,0.00195323989424608
5.9,1.05111522292019,0.00212139950926604
6,1.04892473108612,0.00230778014490653
6.1,1.04695272870561,0.0024927251117892
6.2,1.04517469140884,0.00266088093359016
6.3,1.04356613194459,0.00280082695652311
6.4,1.04210485813712,0.00290469633613672
6.5,1.04076875008577,0.00296775120524711
6.6,1.03953836115003,0.00298796982200339
6.7,1.03839572624973,0.00296561804779384
6.8,1.03732497454067,0.00290283194113264
6.9,1.03631233870735,0.00280325294393229
7,1.03534592594507,0.00267156726534306
7.1,1.03441595181446,0.00251326223134783
7.2,1.03351464008204,0.00233422274837035
7.3,1.03263565592633,0.00214050614004794
7.4,1.03177449854821,0.00193806963071693
7.5,1.03092827400399,0.00173258765987325
7.6,1.03009515769952,0.00152926580598707
7.7,1.02927428296816,0.00133271461285302
7.8,1.02846594729594,0.00114689703202133
7.9,1.02767095132483,0.00097502650835325
8,1.0268907317311,0.000819563744241754
8.1,1.0261269428561,0.000682208950827358
8.2,1.02538140357197,0.000563969713415441
8.3,1.02465621966032,0.000465133415078277
8.4,1.02395351610465,0.000385407270350226
8.5,1.02327374988668,0.000323956219537933
8.6,1.02261972851599,0.000279486142279362
8.7,1.02199216215411,0.000250380928980542
8.8,1.02139154412085,0.000234707568493964
8.9,1.02081865825868,0.000230387127694686
9,1.02027276349467,0.000235248094783683
9.1,1.01975514365306,0.000247120269007219
9.2,1.01926408728773,0.000263857277486245
9.3,1.01879779743119,0.000283472474888686
9.4,1.01835640724929,0.000304152481482845
9.5,1.01793802298278,0.000324268207387595
9.6,1.01754100675433,0.000342464375452162
9.7,1.01716408795295,0.000357618143715643
9.8,1.01680410128675,0.000368918213072818
9.9,1.01646108412461,0.000375763405312878
10,1.01613140456657,0.000377859441120204
