1e-05,1.87166213043064e-10,1.43482926728415e-05
0.0001,1.8716620977835e-08,0.000143482929948228
0.001,1.8716588330743e-06,0.00143482654320246
0.01,0.000187133240665146,0.0143457734511286
0.1,0.0183913042334742,0.141003316324125
0.12,0.0262813625859122,0.167924434571192
0.14,0.0354509484571886,0.194174329243682
0.16,0.0458269507712929,0.219662613438331
0.18,0.057328254878216,0.244308103161103
0.2,0.0698669937960009,0.268039559418216
0.22,0.0833498840794684,0.290796304587165
0.24,0.0976796148216338,0.312528652224811
0.26,0.112756252016373,0.333198122208472
0.28,0.128478656735622,0.352777484995161
0.3,0.144745864673717,0.371250603374577
0.32,0.161458404419129,0.388612135968743
0.34,0.178519546792954,0.404866915407571
0.36,0.195836447440969,0.420029538346747
0.38,0.213321168129911,0.434123289090096
0.4,0.230891566910212,0.447179483673905
0.42,0.248471965787113,0.459235954362244
0.44,0.26599409452546,0.47033814834066
0.46,0.28339680277846,0.480533792519607
0.48,0.300627041019057,0.489876048341057
0.5,0.317639613783625,0.498420293129502
0.52,0.334397211150842,0.506223470979143
0.54,0.35087014606812,0.513343021486697
0.56,0.367036452842571,0.519835922972558
0.58,0.382880600857895,0.525758185265639
0.6,0.39839408321965,0.53116335349971
0.62,0.413573795153676,0.536102578560648
0.64,0.428422086824563,0.540623521841991
0.66,0.442945746588575,0.544770176477803
0.68,0.457155341027778,0.548582720455156
0.7,0.471064486660316,0.552096676633171
0.72,0.484689133046632,0.555343702826551
0.74,0.498046812172952,0.558350788502901
0.76,0.511156217790183,0.561140639258143
0.78,0.524036374776057,0.563732055012156
0.8,0.536705960994867,0.566140074223687
0.82,0.549183283405621,0.568376166820286
0.84,0.561485572302548,0.570448597505165
0.86,0.573628732342856,0.572362893152486
0.88,0.585627100905715,0.574122255682639
0.9,0.597493273105684,0.575727921613478
0.92,0.609238006140662,0.577179605456539
0.94,0.620870179907758,0.578475865880314
0.96,0.632396729701189,0.579614422910547
0.98,0.643823171427389,0.580592549130722
1,0.655152813422456,0.58140740867993
1.02,0.666387810002518,0.582056235509361
1.04,0.677528885166893,0.582536555463773
1.06,0.688575615213381,0.582846394303491
1.08,0.699526629941771,0.582984372572034
1.1,0.710379815201201,0.58294976663709
1.12,0.721132509806153,0.582742605474393
1.14,0.73178168986128,0.582363681466036
1.16,0.742324142612471,0.581814488900216
1.18,0.752756613597068,0.581097157323622
1.2,0.763075936806944,0.580214431461459
1.22,0.7732791378601,0.57916960692095
1.24,0.783363514402359,0.577966405405564
1.26,0.793326703393077,0.576608869128042
1.28,0.803166720357813,0.575101264621683
1.3,0.812881915648876,0.573448022295736
1.32,0.822471048124097,0.571653629503548
1.34,0.831933228198191,0.569722556551551
1.36,0.841267811952913,0.567659182531982
1.38,0.850474737231735,0.565467748628548
1.4,0.859553726780992,0.563152317608324
1.42,0.868504983707741,0.560716754309291
1.44,0.877328770619606,0.558164698361307
1.46,0.886025430429159,0.555499578788178
1.48,0.894595342569398,0.552724607445702
1.5,0.90303888625101,0.549842801675189
1.52,0.911356393676448,0.546857047055422
1.54,0.91954815829027,0.543769860550626
1.56,0.927614372891661,0.540583977643598
1.58,0.935555146599368,0.537301831533924
1.6,0.943370504375032,0.53392585636229
1.62,0.951060362319806,0.530458423976916
1.64,0.958624568344391,0.526902071972757
1.66,0.966062908872396,0.523259104236026
1.68,0.973375117761221,0.519532042765064
1.7,0.980560898932963,0.515723898272556
1.72,0.987619950499337,0.511835729768659
1.74,0.994551981337069,0.507871647647234
1.76,1.00135673605153,0.50383396102784
1.78,1.00803400482992,0.49972532373055
1.8,1.0145836451992,0.495548580430091
1.82,1.02100562497257,0.49130656916413
1.84,1.02729985235311,0.487002139826628
1.86,1.03346654323538,0.482638141452757
1.88,1.03950586180167,0.478217427251622
1.9,1.04541810053209,0.473742736824281
1.92,1.05120362575156,0.469216906784331
1.94,1.05686290980187,0.464642688829959
1.96,1.06239647400523,0.460022807134424
1.98,1.06780491286729,0.455359805291908
2,1.07308886865779,0.450656279917571
2.1,1.09766647685743,0.426615482031327
2.2,1.11924382205929,0.40190848042683
2.3,1.13791912988883,0.376798212060889
2.4,1.1537976817928,0.351533047948228
2.5,1.16700201094878,0.326351857643771
2.6,1.17767552269312,0.301473454646647
2.7,1.185976291917,0.277089877145247
2.8,1.19206850926252,0.253367049142111
2.9,1.19611963922164,0.230449858583413
3,1.19829793437359,0.20846530910941
3.1,1.19878154192937,0.187520842590251
3.2,1.1977482387202,0.167702035728071
3.3,1.19537498180605,0.149072436505776
3.4,1.1918338682683,0.131676259481499
3.5,1.18729143611495,0.115541257622663
3.6,1.1819088362506,0.100679634278269
3.7,1.17584084520358,0.0870881010806642
3.8,1.1692339111711,0.0747484758785957
3.9,1.16222414265707,0.0636298571133334
4,1.15493666225804,0.0536900892929327
4.1,1.14748593608558,0.0448796181800528
4.2,1.13997566231347,0.0371403249408975
4.3,1.1324983293042,0.030407600860482
4.4,1.12513462413372,0.0246116454548358
4.5,1.11795344892307,0.0196794188891767
4.6,1.11101248150969,0.0155362337710838
4.7,1.10435898586864,0.0121067775851468
4.8,1.0980302801201,0.00931592662962846
4.9,1.09205391207021,0.00708971542873821
5,1.08644829357702,0.00535649298010439
5.1,1.08122373951231,0.00404793626376119
5.2,1.0763833157877,0.00309964429260923
5.3,1.07192388524817,0.00245147246603138
5.4,1.06783673654368,0.00204785748676161
5.5,1.06410817592997,0.00183820111196552
5.6,1.06072063934907,0.00177721693062286
5.7,1.05765365778746,0.00182499737837657
5.8,1.05488550166924,0.00194687236554926
5.9,1.0523886761345,0.00211320108231174
6,1.0501413663649,0.00229921178894616
6.1,1.04811703573551,0.00248484072471319
6.2,1.04629175330409,0.00265445375998252
6.3,1.04463732156751,0.00279641750870622
6.4,1.04313443940002,0.00290263720170095
6.5,1.04176015787093,0.00296813921454801
6.6,1.04049424730191,0.00299071912465631
6.7,1.03931866937377,0.00297054471207072
6.8,1.03821721429527,0.00290971679480583
6.9,1.03717589356625,0.0028118093259821
7,1.03618267454246,0.00268147549139209
7.1,1.03522751713643,0.00252414751669976
7.2,1.03430231984376,0.00234570633555285
7.3,1.03340076988069,0.00215227144901448
7.4,1.0325182327816,0.0019498361808056
7.5,1.0316515283854,0.00174409312935858
7.6,1.03079872647022,0.00154026178567397
7.7,1.02995910776121,0.00134300574451456
7.8,1.02913268108394,0.00115633193303204
7.9,1.02832022983636,0.000983515699113099
8,1.02752305438679,0.000827054129787569
8.1,1.02674393159855,0.00068867164699305
8.2,1.02598158752762,0.000569391126290367
8.3,1.02524278511819,0.000469549092634482
8.4,1.02452299581288,0.000388885118830933
8.5,1.02382924666476,0.00032658400608913
8.6,1.02316122455195,0.000281363501994097
8.7,1.02252078304345,0.000251581444012864
8.8,1.02190635143104,0.000235342623150784
8.9,1.02132066651277,0.000230569867813598
9,1.02076366923941,0.000235094420933946
9.1,1.02023309548762,0.000246720284803643
9.2,1.01973021601709,0.000263306379485179
9.3,1.01925341213901,0.000282847969466094
9.4,1.01880144046425,0.000303516158264389
9.5,1.01837280188517,0.000323692614246436
9.6,1.01796594992251,0.000341995879078049
9.7,1.0175791138423,0.000357298143346684
9.8,1.017210496666,0.000368747701254388
9.9,1.01685826570169,0.000375769697759489
10,1.01652064404095,0.000378039666638746
