1e-05,8.42247955914368e-10,2.09944014647146e-05
0.0001,8.42247666060814e-08,0.000209943972382531
0.001,8.42218681510003e-06,0.00209939059781506
0.01,0.000839328256672641,0.0209452038969322
0.1,0.0616808989243882,0.173505364376719
0.12,0.0791880643548019,0.196026526851834
0.14,0.0956400659814946,0.215919585138054
0.16,0.110957931785447,0.234189870964339
0.18,0.125429534660975,0.251519294313062
0.2,0.139444566628673,0.268226121818327
0.22,0.1533057693843,0.284364638853552
0.24,0.167160266540095,0.299874154978327
0.26,0.181028796912254,0.314696823319319
0.28,0.194876031899156,0.328827863597484
0.3,0.20866860953441,0.342307820138454
0.32,0.222399241322209,0.355190661160972
0.34,0.236078610752297,0.367518608685635
0.36,0.249718869006325,0.379316076498022
0.38,0.263322958298514,0.390598084843906
0.4,0.27688527339342,0.401380030093201
0.42,0.290398294344509,0.411681716677479
0.44,0.303857860767466,0.421526632740056
0.46,0.317263648939791,0.430933617582384
0.48,0.330616358925437,0.439919146070854
0.5,0.343915075603585,0.448495927187038
0.52,0.357156880087159,0.456675994359108
0.54,0.370338249731439,0.464472292028551
0.56,0.38345653168239,0.471897661587904
0.58,0.396510181522118,0.478964377965486
0.6,0.409498019959873,0.485682858282615
0.62,0.422418386238869,0.492062682979352
0.64,0.435268987843332,0.498112632967416
0.66,0.448047377796216,0.503841594882212
0.68,0.460751426086185,0.509258829358989
0.7,0.473379434191016,0.514372379155126
0.72,0.485929844452265,0.519190248745561
0.74,0.498400915846469,0.523719466811994
0.76,0.51079068378695,0.527966941823229
0.78,0.523097146427026,0.531939449574386
0.8,0.535318456952293,0.535643837252608
0.82,0.547453047484626,0.539086577594497
0.84,0.559499296297494,0.542273739504982
0.86,0.5714555702945,0.545211048995348
0.88,0.583320215675979,0.547904164288114
0.9,0.595091474360689,0.550358631213057
0.92,0.606767917436758,0.552580002204044
0.94,0.618347626891657,0.554573522702908
0.96,0.629829622613375,0.55634429393235
0.98,0.641212295729829,0.557897196392701
1,0.652494151114986,0.559237051340335
1.02,0.6636737771667,0.560368629432398
1.04,0.67474978883022,0.561296626854818
1.06,0.685720896781345,0.56202560952352
1.08,0.696585885766723,0.562559999512178
1.1,0.707343486375726,0.562904095039866
1.12,0.717992402573578,0.563062236553374
1.14,0.728531505644511,0.563038570300805
1.16,0.738959650172496,0.562837323618146
1.18,0.74927584012201,0.562462525192178
1.2,0.759478909573755,0.561918159961385
1.22,0.769567886209129,0.561208213630706
1.24,0.779541788922962,0.560336410661889
1.26,0.789399707249568,0.559306832678705
1.28,0.799140554610297,0.558123090397236
1.3,0.808763774826319,0.556788913844922
1.32,0.818268357426551,0.555308050203808
1.34,0.827653518395177,0.553684059603953
1.36,0.836918687065983,0.551920562989514
1.38,0.846062985428666,0.550021092820154
1.4,0.85508584010268,0.547989140042101
1.42,0.863986589922214,0.545828173659491
1.44,0.872764708662793,0.543541632567534
1.46,0.88141954877749,0.541132890220736
1.48,0.889950684269003,0.538605295505909
1.5,0.898357776890631,0.535962126734603
1.52,0.906640320185681,0.533206700082335
1.54,0.914797903326187,0.530342280319393
1.56,0.92283021039652,0.527371987337842
1.58,0.930736963369102,0.524299079296871
1.6,0.938517885102665,0.521126585308633
1.62,0.946172629718747,0.517857768808767
1.64,0.953701190480215,0.51449558411896
1.66,0.961103451021678,0.51104317499667
1.68,0.968379274259556,0.507503509019916
1.7,0.975528543915505,0.503879552534702
1.72,0.982551320281544,0.500174203779853
1.74,0.989447472009918,0.496390476655806
1.76,0.996217222216682,0.49253123378413
1.78,1.0028604192273,0.488599269166686
1.8,1.00937755354102,0.484597467735721
1.82,1.01576879507044,0.480528681422721
1.84,1.02203392848725,0.476395622679524
1.86,1.02817337932929,0.472201025345466
1.88,1.03418759554862,0.467947618713846
1.9,1.04007674935372,0.463638054577395
1.92,1.04584114157026,0.459274961096538
1.94,1.05148155627357,0.454860952361136
1.96,1.0569975463913,0.450398631917675
1.98,1.06239027146476,0.445890561162828
2,1.067660155076,0.441339226015904
2.1,1.09218395435483,0.418019916980412
2.2,1.11372469563523,0.393978716642046
2.3,1.13237824785513,0.369495306753753
2.4,1.14825628452491,0.344826608067506
2.5,1.16148612963592,0.320209501045441
2.6,1.17220835469287,0.295858921395171
2.7,1.18057529891673,0.271967765038075
2.8,1.18674668132794,0.24870700796153
2.9,1.19089037709194,0.226225528065879
3,1.19317778693628,0.204650634026628
3.1,1.1937834823656,0.184088256519358
3.2,1.19288334623833,0.164623712881851
3.3,1.19065089132073,0.14632245564287
3.4,1.18725663015739,0.129230989207437
3.5,1.18286777236019,0.113378040289003
3.6,1.17764440256044,0.0987756857751927
3.7,1.17173902528694,0.0854207628825413
3.8,1.16529680043393,0.0732962580999803
3.9,1.15845157473187,0.0623729789265372
4,1.15132835354516,0.0526099776756989
4.1,1.14404107535701,0.0439584067202775
4.2,1.13669193637879,0.0363606909158745
4.3,1.12937257417435,0.0297532657142129
4.4,1.12216266284301,0.0240677634963979
4.5,1.1151305479157,0.0192324666247144
4.6,1.10833376605576,0.0151736307182273
4.7,1.10181918493012,0.0118167214004861
4.8,1.09562326880541,0.00908757202240433
4.9,1.08977335597766,0.00691338525640119
5,1.08428783209379,0.00522368148241133
5.1,1.07917698624708,0.00395106029980094
5.2,1.07444381795918,0.00303185661717502
5.3,1.0700852567106,0.00240668364108054
5.4,1.06609253610045,0.00202084012845145
5.5,1.06245198705524,0.00182459899937553
5.6,1.05914717069243,0.0017733773817577
5.7,1.05615601489723,0.00182781021874742
5.8,1.05345777625939,0.00195371856537404
5.9,1.0510277260771,0.00212198724692514
6,1.04884126069287,0.00230838120567889
6.1,1.04687258462129,0.00249326459582114
6.2,1.04509766358931,0.00266130706201684
6.3,1.04349245282187,0.00280110298361747
6.4,1.04204331859296,0.00290480730386082
6.5,1.04070048451549,0.00296769182783216
6.6,1.03947246492222,0.00298774208818645
6.7,1.03833199721284,0.00296524006211635
6.8,1.03726370994925,0.0029023215977005
6.9,1.03625274623966,0.00280260845339481
7,1.03528811455417,0.00267084464010707
7.1,1.0343599013954,0.00251246754764169
7.2,1.03346015414089,0.00233338745202692
7.3,1.03258288901609,0.00213964369984535
7.4,1.03172313432214,0.00193721322470588
7.5,1.03087825110426,0.00173175374369617
7.6,1.03004649026357,0.00152846105792201
7.7,1.02922683955518,0.00133196536987888
7.8,1.02841981895739,0.00114620263149836
7.9,1.02762607395773,0.000974397498496272
8,1.02684715461901,0.00081900493781405
8.1,1.02608436544246,0.000681719562856329
8.2,1.02534009844361,0.000563547550435153
8.3,1.02461600980859,0.000464777138378807
8.4,1.02391369966618,0.000385116792967768
8.5,1.02323531908844,0.00032372487858051
8.6,1.02258240498445,0.000279309538698276
8.7,1.0219555051521,0.00025023876270092
8.8,1.02135587984899,0.000234607253220856
8.9,1.02078390708982,0.000230321349236182
9,1.02022542762519,0.000235208777868713
9.1,1.01971623710888,0.000247081873852089
9.2,1.01922869719833,0.000263836712135654
9.3,1.01876624963482,0.000283451266092402
9.4,1.01832563206426,0.000304135568836892
9.5,1.01790795281712,0.000324243347505014
9.6,1.01751153300646,0.000342438212433136
9.7,1.01713495385975,0.00035757417530038
9.8,1.0167760090637,0.000368862323341982
9.9,1.01643311390054,0.000375691628443073
10,1.01610445208925,0.000377781645073469
