1e-05,1.20321136002281e-09,2.19339911532181e-05
0.0001,1.20321039460095e-07,0.00021933979464033
0.001,1.20311385804427e-05,0.00219329088731878
0.01,0.00119351628372228,0.0218263433734834
0.1,0.0630033433490363,0.162408636488495
0.12,0.075769079481204,0.184510369513598
0.14,0.0887452885485317,0.206429114714471
0.16,0.10280503957634,0.227407352391531
0.18,0.117578204685682,0.246539240150413
0.2,0.132086345157026,0.263781647306948
0.22,0.145780600089613,0.279926475636972
0.24,0.158974299399485,0.295786537614068
0.26,0.172389751208663,0.311492591927607
0.28,0.186393613639806,0.32654323059811
0.3,0.200691546840288,0.34044171751125
0.32,0.214705703346762,0.353227077941537
0.34,0.228177663499634,0.365408976742887
0.36,0.241382680954378,0.377441780986495
0.38,0.254792855740725,0.389311511975498
0.4,0.26858307537395,0.400629673643165
0.42,0.282484520933468,0.411085516180058
0.44,0.296095446102479,0.420772640728944
0.46,0.309295308395623,0.430079657972261
0.48,0.322338974097213,0.439288800483
0.5,0.335565034788818,0.448320081223457
0.52,0.349044055600694,0.456856216649134
0.54,0.362525927012283,0.464699090612715
0.56,0.375716012961651,0.471974454820788
0.58,0.388576017155662,0.478992788841748
0.6,0.401342860061876,0.485934981297252
0.62,0.414266199119113,0.492695306957874
0.64,0.427350528482646,0.498987453176769
0.66,0.44036411980962,0.504706869761642
0.68,0.45308879077258,0.509996062684515
0.7,0.465540694982469,0.515110066746667
0.72,0.477938175837824,0.52015499776547
0.74,0.490464257995139,0.524994505451404
0.76,0.50307859946719,0.529412253377855
0.78,0.515569019309238,0.533343850435079
0.8,0.527776957898754,0.536945307832332
0.82,0.539756197438344,0.540425717640892
0.84,0.551705186231808,0.54383734091735
0.86,0.56375360915398,0.547034759347359
0.88,0.575830100977054,0.549840318934455
0.9,0.58774346359712,0.552237952539732
0.92,0.599383920109617,0.554380764328639
0.94,0.610831361275321,0.556441103789491
0.96,0.622262970452636,0.558430066682341
0.98,0.633764228826865,0.560198131414195
1,0.645242705283382,0.561606520871857
1.02,0.656529460781988,0.562671255781385
1.04,0.667555659390553,0.563547017276657
1.06,0.678418602113426,0.564366148545321
1.08,0.689273126788922,0.565106876912673
1.1,0.700167543374759,0.565626712120737
1.12,0.710995966495999,0.565818806151803
1.14,0.721612761921293,0.565725888734885
1.16,0.731983711348162,0.565495248271871
1.18,0.742216613447708,0.565227140015659
1.2,0.752443248556226,0.564874894248762
1.22,0.76268049933295,0.564303964273321
1.24,0.77281552857782,0.563438159878652
1.26,0.7827263139688,0.562341738056471
1.28,0.792407886246554,0.561152080459835
1.3,0.801972860478435,0.559935077754036
1.32,0.811529682916554,0.558627421426701
1.34,0.821068997677006,0.557110171631999
1.36,0.830476111443766,0.555331035081371
1.38,0.839652780236197,0.553370601156753
1.4,0.848618351723724,0.551351203153071
1.42,0.857485507068641,0.549314459595005
1.44,0.866339520744046,0.547191155475491
1.46,0.875149533291499,0.544849694650824
1.48,0.883803348375979,0.542290565945073
1.5,0.892226117479595,0.539591806650571
1.52,0.900456921238648,0.536868008732542
1.54,0.908604535280986,0.534130458664822
1.56,0.916731697628508,0.531294398569013
1.58,0.92479046558741,0.52826912100707
1.6,0.932674755495868,0.525053465961773
1.62,0.940332264227595,0.521740684815677
1.64,0.947817514414215,0.518422547310402
1.66,0.955232087899037,0.515095577547156
1.68,0.962617231239434,0.511668358521507
1.7,0.969912100485242,0.508066669706017
1.72,0.977019468548307,0.504310271338125
1.74,0.983908932346382,0.500494740133553
1.76,0.990645756711438,0.496690464887285
1.78,0.997321898687761,0.492877182174708
1.8,1.00395857159997,0.488965848431748
1.82,1.01048596257517,0.484899067969002
1.84,1.01681840837849,0.48071151492056
1.86,1.02294452534872,0.476494710541876
1.88,1.02893774084226,0.472305673529898
1.9,1.03487795754728,0.468106503012715
1.92,1.04076813516614,0.463815668271803
1.94,1.04653316187938,0.459381311614719
1.96,1.05210044602409,0.454863057803376
1.98,1.05747626290511,0.450344921222458
2,1.06273803100484,0.445864006787094
2.05,1.07563639646549,0.434451298314135
2.1,1.08758754208082,0.422605516147958
2.15,1.09887313037232,0.410840710437873
2.2,1.1094627052196,0.398658028818267
2.25,1.11918298512694,0.386580407957059
2.3,1.12841520772204,0.374285986889819
2.35,1.1367005566967,0.361967823869919
2.4,1.14453968627811,0.349711250812022
2.45,1.15154293410266,0.337294937529044
2.5,1.15798093283733,0.325133780078707
2.55,1.16381168243685,0.312806548065326
2.6,1.16891619685786,0.300761655367346
2.65,1.17361493917421,0.288703558038858
2.7,1.1775253757203,0.276810816014608
2.75,1.18109143963829,0.265136194947603
2.8,1.18396906174499,0.253493080337889
2.85,1.18641848799274,0.242233234477782
2.9,1.18838783713647,0.230977388145812
2.95,1.1897977547322,0.220123719083727
3,1.19091999737066,0.209388613708391
3.05,1.19142932330955,0.198944090269859
3.1,1.19172307834405,0.188805979357158
3.15,1.19149094530342,0.178822852645637
3.2,1.19098233339699,0.169286767091927
3.25,1.19013548121042,0.159857887123303
3.3,1.18889980471878,0.150887367141057
3.35,1.18750574940756,0.142103879498233
3.4,1.18567157740334,0.133670152834444
3.45,1.18375418340733,0.125575721488713
3.5,1.18146847754867,0.117693109336747
3.55,1.179052708158,0.110267737467288
3.6,1.17643262000526,0.102990413945522
3.65,1.17358066601989,0.0961745544955242
3.7,1.17069016746251,0.0895591602762666
3.75,1.16751287313046,0.0832988758266086
3.8,1.16436959223619,0.077362729938392
3.85,1.16099416834756,0.0716435428188254
3.9,1.15761149334299,0.0663479021474702
3.95,1.15413936263271,0.0611941919705718
4,1.15056285486902,0.0564642587817664
4.05,1.14704371036164,0.0519072997008146
4.1,1.14336022254451,0.0476724688249617
4.15,1.13980016238497,0.0437123529671903
4.2,1.13611266105423,0.0399386574271974
4.25,1.13250980800409,0.0365264544001258
4.3,1.12889956894574,0.0332188751808765
4.35,1.12527822672319,0.0302726558414706
4.4,1.12177878504078,0.0274474159532019
4.45,1.11820091748577,0.0248887834920849
4.5,1.11480395775289,0.0225375939754069
4.55,1.11134862520419,0.0203229531184181
4.6,1.10803545642195,0.0183947672869782
4.65,1.10476313540544,0.0165193791898269
4.7,1.10153751336479,0.014933166163977
4.75,1.09846625705308,0.0134070661354299
4.8,1.0953676237777,0.0120849359369043
4.85,1.09247101919812,0.0108991643912211
4.9,1.08956115891442,0.00979567475210241
4.95,1.08681462282335,0.00890408461102078
5,1.08412796098587,0.00801279683606995
5.05,1.08151436609554,0.00734144837040923
5.1,1.07906011504613,0.00667277459849779
5.15,1.07660032294162,0.0061500825132737
5.2,1.0743465698007,0.00570034723172664
5.25,1.07208105992405,0.00528522654625449
5.3,1.06998433299267,0.0050174746221706
5.35,1.06794337476869,0.0047064013331293
5.4,1.0659789627816,0.00455777748187718
5.45,1.06415916506703,0.00436604587623546
5.5,1.06233501054158,0.00427456642255464
5.55,1.06069905161795,0.00420654592947014
5.6,1.05904417796451,0.00413839264555798
5.65,1.05754337973813,0.00416856296965727
5.7,1.0560803534044,0.00412574983485751
5.75,1.05468340785339,0.00420347334762962
5.8,1.05340536711983,0.00420756436567421
5.85,1.05211261007259,0.0042814870182084
5.9,1.05098144353245,0.00434563950010484
5.95,1.04981574523008,0.00438964908958937
6,1.04878220525936,0.00449941698906085
6.05,1.04776288734591,0.00452121192857595
6.1,1.04679356581789,0.00463736219490208
6.15,1.04591447141639,0.0046640401457887
6.2,1.04500673034098,0.00474500318488263
6.25,1.04423285100804,0.00479773652057205
6.3,1.04340683851098,0.00482350734609741
6.35,1.04269117250901,0.00489674418808308
6.4,1.04196716264465,0.00487928581262156
6.45,1.0412778653405,0.00494305779332155
6.5,1.04065276472596,0.00491374057836651
6.55,1.03998719096729,0.00493358572265473
6.6,1.03943219201706,0.00491819788023454
6.65,1.03880977999121,0.00487872683129035
6.7,1.03827974954631,0.00487854733852558
6.75,1.03772502617269,0.00479367358827531
6.8,1.03719280735799,0.00478554789118543
6.85,1.03670525840134,0.00468781836466181
6.9,1.03617011343231,0.00464153872101478
6.95,1.03572616064884,0.00455972428436568
7,1.0352092230027,0.00446204232476497
7.05,1.03477272687937,0.00440119339941092
7.1,1.03429822595804,0.00426580258159019
7.15,1.03384267245146,0.00420648300580623
7.2,1.0334175506545,0.00406531605077846
7.25,1.03294337124963,0.00398024372568953
7.3,1.03254849503927,0.00386217874719167
7.35,1.03207851598079,0.00373794071958842
7.4,1.0316822041613,0.00364986374915302
7.45,1.03124302641646,0.00349789310920772
7.5,1.03082214090472,0.00342280193044525
7.55,1.03042382728759,0.00327329005190452
7.6,1.02997942105107,0.00318430620846013
7.65,1.0296067170165,0.00306470047190506
7.7,1.02916227971977,0.00294731963039283
7.75,1.02878847208483,0.00286520913916344
7.8,1.02837043722716,0.00272823138484845
7.85,1.02797364844645,0.0026672892912154
7.9,1.02759499316452,0.00253761809981928
7.95,1.02717605883173,0.00247141651014909
8,1.02682544530682,0.0023750386475241
8.05,1.02640629201685,0.00228695974417836
8.1,1.02605828781162,0.00223136619739984
8.15,1.02566649298667,0.0021274253635997
8.2,1.02530025704247,0.00209673385728033
8.25,1.02494931048418,0.00200093541328835
8.3,1.02456474859324,0.00196864751488574
8.35,1.02424571643703,0.0019052470237587
8.4,1.02386289212665,0.00185364572940373
8.45,1.02355132040879,0.00182982385243857
8.5,1.02319700882937,0.00176207797837137
8.55,1.02287227668758,0.00176296072953952
8.6,1.02256033788868,0.00170031793149071
8.65,1.02222053327796,0.00169979699991637
8.7,1.02194316881549,0.00166539318153843
8.75,1.02160617532527,0.00164459350203783
8.8,1.02133989671393,0.00164605553503073
8.85,1.02103128584822,0.0016062077997281
8.9,1.02075526839727,0.00162969633285984
8.95,1.02048839245612,0.00159031715704265
9,1.02019964701613,0.00161052265388882
9.05,1.01996712047929,0.00159374087081581
9.1,1.01967920579948,0.00159158538146711
9.15,1.0194597349753,0.00160978678330642
9.2,1.01919769005715,0.00158116628468294
9.25,1.01897012623945,0.0016142706401078
9.3,1.018747892511,0.00158509066683979
9.35,1.01850572548994,0.00161304173837797
9.4,1.01831634407034,0.00160112323993563
9.45,1.0180737924726,0.00160495325036585
9.5,1.01789691769591,0.00161988447354474
9.55,1.01767547576658,0.001598277373947
9.6,1.01752974112978,0.00162998362850891
9.65,1.01730225011849,0.00160251290247484
9.7,1.01710056991323,0.00162575191421488
9.75,1.01694562392091,0.00160958958400049
9.8,1.01673742966419,0.00161047914969404
9.85,1.01659182153984,0.00161691149994048
9.9,1.01640153829188,0.00159288520467837
9.95,1.01624676220818,0.00161619136491931
10,1.01608673178887,0.00158019765577049
