1e-05,1.33690152183166e-10,1.24195053964888e-05
0.0001,1.33690150796608e-08,0.00012419505290606
0.001,1.33690012140922e-06,0.00124194921788094
0.01,0.000133676147565325,0.0124180918656627
0.1,0.0132299574484226,0.122795370204462
0.12,0.0189639367754365,0.146624830859499
0.14,0.0256727150495012,0.17006482766832
0.16,0.0333234392654567,0.193057433149998
0.18,0.0418789697421407,0.215548161374367
0.2,0.0512981936202511,0.237485224398895
0.22,0.0615363701208031,0.258821444021902
0.24,0.07254550404234,0.279513145411816
0.26,0.0842747437033475,0.299521091526781
0.28,0.0966707992991025,0.318811448192408
0.3,0.10967837745784,0.337353529733779
0.32,0.123240627636597,0.355122587481608
0.34,0.137299595905806,0.372098528056694
0.36,0.151796681626177,0.388266097453996
0.38,0.16667309252922,0.403614951544473
0.4,0.18187029376231,0.418140166544802
0.42,0.197330446566522,0.431840771858274
0.44,0.212996832399948,0.444721041242111
0.46,0.228814258520924,0.456787545749664
0.48,0.244729441268127,0.468058890830274
0.5,0.260691363566808,0.478546350600484
0.52,0.276651603487516,0.48827222194081
0.54,0.29256463103693,0.497260682790147
0.56,0.308388070726822,0.505537387739535
0.58,0.32408292786725,0.513136852640355
0.6,0.339613776934226,0.520086947597028
0.62,0.354948910807856,0.526423076100973
0.64,0.370060450094721,0.532181312485249
0.66,0.384924412197549,0.537398823785467
0.68,0.399520740243866,0.542113934328448
0.7,0.413833292401116,0.546364409200873
0.72,0.427849792538644,0.550189185752453
0.74,0.441561743600879,0.553626026694746
0.76,0.454964305445641,0.556712635782915
0.78,0.468056139252663,0.559485555781605
0.8,0.480839220944813,0.561979653572002
0.82,0.493318626369964,0.564228417949936
0.84,0.505502291245512,0.566263747834422
0.86,0.517400749099288,0.568106504656089
0.88,0.529026850628247,0.569809266375244
0.9,0.540395468033561,0.571371442306941
0.92,0.551523188000023,0.57282356130256
0.94,0.562427997041317,0.574185019802094
0.96,0.573128962940601,0.575472409119603
0.98,0.583645915989795,0.576699458023727
1,0.593999133670058,0.577877243056899
1.02,0.604209032267309,0.579013915176603
1.04,0.614295868806692,0.580114903064239
1.06,0.624279456464128,0.581183035682873
1.08,0.634178896411096,0.582216233213622
1.1,0.644012328769342,0.58321974747983
1.12,0.65379670510417,0.584182720646564
1.14,0.663547584624466,0.585100800243467
1.16,0.673278955365658,0.58596620579223
1.18,0.683003083032064,0.5867696674045
1.2,0.692730386946881,0.587501203058391
1.22,0.702469345024063,0.588146616975067
1.24,0.71222642765432,0.588695501408845
1.26,0.722006060581132,0.589135027954941
1.28,0.731810616401277,0.589450629145499
1.3,0.74164043399528,0.589629093752992
1.32,0.751493864874171,0.589657224619046
1.34,0.761367344941026,0.589522257785161
1.36,0.771255490948409,0.589211846208082
1.38,0.781151217544964,0.588714760531253
1.4,0.791045875755584,0.588021767995033
1.42,0.800929408365923,0.587119798604802
1.44,0.810790520603227,0.586004902742404
1.46,0.820616863352106,0.584669392506469
1.48,0.830395226180797,0.583108335384237
1.5,0.84011173739247,0.581318117911567
1.52,0.849752068297005,0.579297949865612
1.54,0.859301638887329,0.577047428822002
1.56,0.86874582217488,0.574567176864749
1.58,0.878070144498841,0.571862884564325
1.6,0.887260479231326,0.568938015359089
1.62,0.896303231474758,0.565799287092048
1.64,0.905185511458126,0.562454824989082
1.66,0.913895301254588,0.558914013914766
1.68,0.922421573816653,0.555187861945134
1.7,0.930754458017336,0.551287454392672
1.72,0.938885327106848,0.547225553219022
1.74,0.946806890032837,0.54301613125499
1.76,0.954513269153413,0.538672633674634
1.78,0.962000044689541,0.534209732666881
1.8,0.96926428365111,0.529642203576865
1.82,0.976304553893241,0.524985242095741
1.84,0.98312090863272,0.520252850431684
1.86,0.989714855567446,0.515460320192362
1.88,0.996089305811809,0.510621620294231
1.9,1.00224850595587,0.505750244173342
1.92,1.00819795237157,0.500859163966906
1.94,1.01394429228714,0.495960398719241
1.96,1.01949520806938,0.491065191708297
1.98,1.02485929262395,0.486183345410036
2,1.03004591595602,0.481323734197919
2.05,1.04230287263496,0.469321526498751
2.1,1.05368094475694,0.457590250344858
2.15,1.06435066367663,0.446165977128495
2.2,1.07447242211601,0.435036306078596
2.25,1.08418384068422,0.424148895708502
2.3,1.09358978207029,0.413416999761428
2.35,1.10275569808392,0.402736368700578
2.4,1.11170474298197,0.391993223765395
2.45,1.12041877115621,0.381080462039064
2.5,1.12884292285837,0.369907782119784
2.55,1.136893271057,0.358411377239129
2.6,1.14446675452766,0.346561784257966
2.65,1.15145247091441,0.334365742008171
2.7,1.15774323360466,0.321869162092398
2.75,1.16324641742866,0.30914645125557
2.8,1.16789323847087,0.296307139116019
2.85,1.17164561177988,0.28347510077536
2.9,1.17450006460203,0.270784284137485
2.95,1.17648881744637,0.258367253500452
3,1.17767715748134,0.246344914530468
3.05,1.1781586863397,0.234817750062706
3.1,1.17804782336136,0.223858267011662
3.15,1.17747090548725,0.213507340886605
3.2,1.17655651208038,0.203772389852213
3.25,1.17542589585879,0.194628383379041
3.3,1.17418435677367,0.186021934616154
3.35,1.17291426706438,0.177878159521585
3.4,1.17167030797087,0.170107298955266
3.45,1.17047726398698,0.162615432106752
3.5,1.16933048188705,0.155311050898491
3.55,1.16819887779603,0.148114518676396
3.6,1.16703015744201,0.140965692162672
3.65,1.16575771538107,0.133827425785601
3.7,1.164308555176,0.126689076994906
3.75,1.1626115551526,0.11956647478606
3.8,1.16060513365101,0.112499617415925
3.85,1.15824376943669,0.105548402574118
3.9,1.15550494268248,0.0987867124570455
3.95,1.15238786860361,0.0922948234973118
4,1.14891851274854,0.0861521201435273
4.05,1.14514581477898,0.080429486261669
4.1,1.14113844953048,0.0751827359263564
4.15,1.13697943621902,0.0704480818106974
4.2,1.13275956291662,0.0662374645634013
4.25,1.1285702222946,0.0625395491947399
4.3,1.12449630866618,0.0593188579987899
4.35,1.120609812373,0.0565197082414631
4.4,1.11696460764092,0.0540707893402828
4.45,1.1135929630017,0.0518911263192964
4.5,1.11050394103349,0.0498967863068757
4.55,1.10768385065906,0.0480076420963571
4.6,1.105098639121,0.0461537291190115
4.65,1.10269798160271,0.044280866641539
4.7,1.10042066450831,0.0423519408600612
4.75,1.09820076104429,0.0403539575663974
4.8,1.09597403794615,0.0382930425437123
4.85,1.09368403321928,0.0361951523656475
4.9,1.09128712530911,0.0341021038859145
4.95,1.08875695377777,0.0320668018003343
5,1.08608572481346,0.0301475254852248
5.05,1.08328561491408,0.0284019406718593
5.1,1.08038701959627,0.026881264100605
5.15,1.07743568785137,0.0256251227698084
5.2,1.07448843588979,0.0246577015021511
5.25,1.0716079243846,0.0239850519310146
5.3,1.06885698448687,0.023594302249224
5.35,1.06629300921574,0.023454841749989
5.4,1.06396290671835,0.0235204487163515
5.45,1.06189905426259,0.0237332624317818
5.5,1.06011659180852,0.0240286888587126
5.55,1.05861227947617,0.0243406373067712
5.6,1.05736498817123,0.024607030347149
5.65,1.05633774890595,0.0247747814173775
5.7,1.05548116095146,0.0248038940060763
5.75,1.05473782551114,0.024670377938849
5.8,1.05404739643065,0.0243677478124194
5.85,1.05335179746848,0.0239068961039684
5.9,1.05260012248227,0.0233145457533157
5.95,1.05175283465874,0.0226301518220765
6,1.05078483389291,0.0219020121099085
6.05,1.04968722086839,0.0211825241069936
6.1,1.04846754735573,0.0205231710438355
6.15,1.04714864866313,0.0199697791197781
6.2,1.04576608961012,0.0195583018425515
6.25,1.04436452636317,0.0193116736095421
6.3,1.04299337823031,0.019237739290812
6.35,1.04170206567593,0.0193288501050029
6.4,1.0405354069602,0.0195624139776632
6.45,1.03952943156974,0.0199033514422415
6.5,1.03870814222528,0.0203071650194227
6.55,1.03808132271691,0.0207240816714433
6.6,1.03764370115313,0.0211034930904212
6.65,1.03737546643352,0.0213984652754977
6.7,1.03724407326447,0.0215698601041311
6.75,1.03720717548777,0.0215896552948737
6.8,1.03721638266882,0.0214433256014519
6.85,1.03722152743438,0.0211309007771858
6.9,1.0371749997232,0.0206667907986756
6.95,1.03703584769458,0.0200782573829917
7,1.03677317643667,0.0194028946340625
7.05,1.03636866008897,0.018685103714882
7.1,1.03581787896869,0.0179720499331622
7.15,1.03513040435227,0.0173095269752591
7.2,1.03432866110578,0.0167378989957037
7.25,1.03344565362636,0.0162885778588693
7.3,1.03252178923642,0.0159815367186508
7.35,1.03160110474375,0.0158234585205727
7.4,1.03072728694022,0.0158071134227777
7.45,1.02993960555028,0.0159155058281744
7.5,1.02926955895349,0.0161163662296557
7.55,1.02873807257118,0.0163727480331412
7.6,1.02835376950623,0.0166426204928333
7.65,1.02811235144635,0.0168835361136728
7.7,1.02799714980442,0.0170564745175305
7.75,1.02798076093859,0.017129287903253
7.8,1.02802766522189,0.0170795607236907
7.85,1.02809747815198,0.0168964538988766
7.9,1.0281486422462,0.0165815938133502
7.95,1.02814216311499,0.0161487708653045
8,1.02804505696211,0.0156225683155147
8.05,1.02783323818737,0.0150360381621865
8.1,1.02749355945327,0.0144276607192007
8.15,1.02702486302125,0.0138378308985342
8.2,1.02643794178703,0.0133052738083853
8.25,1.02575443474538,0.0128635510640706
8.3,1.02500477301644,0.0125381903662326
8.35,1.02422536399849,0.0123444806324079
8.4,1.02345526195786,0.0122861989726149
8.45,1.02273273380743,0.0123555301988884
8.5,1.02209172844274,0.0125337180232506
8.55,1.02155904006007,0.0127930404870232
8.6,1.02115197173448,0.0130992994231863
8.65,1.02087689224736,0.0134149394777044
8.7,1.02072884770285,0.0137024735389564
8.75,1.02069214551222,0.0139277709276493
8.8,1.02074188973178,0.0140630755195648
8.85,1.02084632146198,0.0140893602278094
8.9,1.02096974954231,0.0139979315380473
8.95,1.02107578863887,0.0137910339554516
9,1.02113062967652,0.0134815175773895
9.05,1.02110601655702,0.0130915129212327
9.1,1.02098170127158,0.0126503476189712
9.15,1.02074717044324,0.0121917960994924
9.2,1.02040245192936,0.0117510012566081
9.25,1.01995798580115,0.0113612793498151
9.3,1.0194335533642,0.0110511566736061
9.35,1.01885640353793,0.0108418380980822
9.4,1.0182586993006,0.0107453979773643
9.45,1.01767459069336,0.0107637630805831
9.5,1.01713710882939,0.0108886557572891
9.55,1.01667523537523,0.0111024283922074
9.6,1.01629898986871,0.011379726494421
9.65,1.01604724044886,0.0116898437185313
9.7,1.01591134983112,0.011999486268364
9.75,1.01588536991069,0.0122758231482139
9.8,1.01596408676429,0.0124893190125966
9.85,1.01610339942461,0.0126164289813875
9.9,1.01628507459981,0.0126415496651814
9.95,1.01647699333101,0.0125583702736673
10,1.01664741879779,0.0123703080369708
