1e-05,3.11943688288746e-10,1.60188191989968e-05
0.0001,3.11943671327923e-08,0.000160188179496133
0.001,3.11941975252231e-06,0.00160187445680592
0.01,0.000311772434055612,0.0160114364527781
0.1,0.029546570925738,0.153157201446479
0.12,0.0415605869000878,0.180329510205811
0.14,0.0550404969748297,0.205833862936458
0.16,0.0696860120567214,0.2295589452524
0.18,0.0851910438209008,0.251450476114805
0.2,0.101256483670447,0.271518822561109
0.22,0.117602120684269,0.289824676735383
0.24,0.133977094496003,0.306478159876773
0.26,0.150168376473651,0.321628502446633
0.28,0.166006897931679,0.335453794435262
0.3,0.181371089314412,0.348150066499686
0.32,0.19618775004409,0.359920428852956
0.34,0.210430325288011,0.370963588949491
0.36,0.224114813575008,0.38146425572833
0.38,0.237293659095244,0.391584577345493
0.4,0.250048086979298,0.401458248418094
0.42,0.262479413075982,0.41118545771181
0.44,0.274699897934452,0.42083141838246
0.46,0.286823716525642,0.43042708288435
0.48,0.298958581313594,0.439969022415061
0.5,0.311198490923379,0.449426525044777
0.52,0.323617982634863,0.458750038166069
0.54,0.336268154907507,0.467864134063143
0.56,0.349174598960164,0.476696967109931
0.58,0.362337251075022,0.485167274488757
0.6,0.375732050585153,0.493201545432238
0.62,0.389314178715714,0.500736726671912
0.64,0.403022558980937,0.50772621158774
0.66,0.416785234445993,0.514143086232384
0.68,0.430525200686988,0.519977213206012
0.7,0.444166242968475,0.525244173472598
0.72,0.457638408896147,0.529975692339705
0.74,0.470882698493597,0.534219925315443
0.76,0.483854716474001,0.538037277915515
0.78,0.496527058188034,0.541497019538354
0.8,0.508890343578737,0.544668152844032
0.82,0.520952868356222,0.547620778622046
0.84,0.532738978896812,0.550416343328294
0.86,0.54428634513676,0.553105761542476
0.88,0.555642377897095,0.555727172102623
0.9,0.566860092684406,0.558302400013848
0.92,0.577993746078459,0.560838304620798
0.94,0.589094575803628,0.563324991755714
0.96,0.600206946284857,0.565743449120011
0.98,0.611365179331257,0.568056359431361
1,0.622591261788753,0.57022559877629
1.02,0.6338935640167,0.572205816929155
1.04,0.645266648798971,0.573953216449402
1.06,0.65669211461536,0.575426624920502
1.08,0.66814037811711,0.576592761272362
1.1,0.679573237750802,0.577427987802705
1.12,0.690946991459788,0.57791893679956
1.14,0.702215870944699,0.578068123264459
1.16,0.713335494774713,0.577885299440055
1.18,0.724266108254176,0.577394361346156
1.2,0.734975355907572,0.576629346160716
1.22,0.745440435519201,0.575628396092791
1.24,0.755649411686541,0.574435505008667
1.26,0.765601715304616,0.573094403414331
1.28,0.775307753974877,0.571648902087694
1.3,0.784787676240096,0.570131475373915
1.32,0.794069482301609,0.568574989971579
1.34,0.803186576287201,0.566996330610839
1.36,0.812174990540794,0.565409945859764
1.38,0.82107049407203,0.563811305668251
1.4,0.829905810747352,0.562190838170206
1.42,0.838708150881033,0.560529454943388
1.44,0.847497236138042,0.558801743496277
1.46,0.856283952829892,0.556978684847711
1.48,0.865069718405546,0.555029330811967
1.5,0.873846589742886,0.552924916913659
1.52,0.882598084469878,0.55063814975895
1.54,0.891300638546092,0.548150377163817
1.56,0.899925559459347,0.545446710956878
1.58,0.90844133618388,0.5425249641018
1.6,0.916816098091823,0.539389174500058
1.62,0.925020047206839,0.536053222280097
1.64,0.933027672920297,0.532536920517008
1.66,0.94081948526752,0.528867357100316
1.68,0.948383855044839,0.525075042242432
1.7,0.955716712927959,0.521192512884728
1.72,0.962822664379172,0.517251581729493
1.74,0.969713930704993,0.513281575741286
1.76,0.976409333958767,0.509307522271279
1.78,0.982932698211389,0.50534685101609
1.8,0.989310911476951,0.501410978066594
1.82,0.995571797790288,0.497503142225228
1.84,1.00174195028465,0.493618843646107
1.86,1.00784475064572,0.489746600889152
1.88,1.01389863546781,0.485870899770873
1.9,1.01991581311856,0.481966866994023
1.92,1.02590146646444,0.478016978581862
1.94,1.03185353095448,0.473993932652526
1.96,1.03776302819611,0.46987761046639
1.98,1.04361492670093,0.465650267862125
2,1.04938945747518,0.461299997075031
2.05,1.06333472702647,0.4498586312181
2.1,1.07629802419061,0.437709659177769
2.15,1.08804869578088,0.425150968440407
2.2,1.09858215027888,0.412564170765176
2.25,1.10811644716008,0.400251988810169
2.3,1.11698749510716,0.388318215471521
2.35,1.12549531211163,0.376645192130065
2.4,1.13377395674344,0.364967227640772
2.45,1.1417436299753,0.353022329284135
2.5,1.14916354358552,0.340678030159373
2.55,1.15575698153317,0.328001475209197
2.6,1.16134833383778,0.315236644715116
2.65,1.16594850004706,0.302693103238906
2.7,1.16975124747178,0.290612171317455
2.75,1.17304606101069,0.279069419007428
2.8,1.17608987610542,0.267954792180547
2.85,1.17899904066795,0.257039874131691
2.9,1.18171002838124,0.246095520311164
2.95,1.18402478584132,0.235006347200704
3,1.18571672251584,0.223826719899024
3.05,1.18664639170496,0.212757403840735
3.1,1.18683310413742,0.202053218407793
3.15,1.1864508053138,0.191909166364239
3.2,1.18575258471038,0.182376567530345
3.25,1.18496097564026,0.173348920818233
3.3,1.18417570010729,0.164618745650878
3.35,1.18334113830527,0.155981647742152
3.4,1.18228655591815,0.147331620657686
3.45,1.18081828865481,0.13871126288827
3.5,1.17881979389384,0.130288400283403
3.55,1.17631280131813,0.122276040736304
3.6,1.1734524789186,0.114833008775617
3.65,1.17046065011103,0.107992203601227
3.7,1.16752974225118,0.10164784350685
3.75,1.1647427722689,0.0956092507421504
3.8,1.16204600199257,0.0896897685133508
3.85,1.15928552858131,0.0837914763369839
3.9,1.156289157201,0.0779483819219452
3.95,1.15295428268877,0.0723039050542574
4,1.14930096030587,0.0670394916723727
4.05,1.14546616499576,0.0622866761934906
4.1,1.14164447163518,0.0580655337490078
4.15,1.13800100504316,0.0542727679467017
4.2,1.13460264118555,0.0507316329059579
4.25,1.1313941183798,0.0472715576862651
4.3,1.12823205092679,0.0438037088975155
4.35,1.12495861873265,0.0403568322561759
4.4,1.12147991902041,0.0370572974074185
4.45,1.11781251812056,0.0340637940544619
4.5,1.11407712961908,0.0314890605720742
4.55,1.11044375589117,0.0293439924280111
4.6,1.10705476452344,0.0275307794712139
4.65,1.10396222104222,0.0258865603057971
4.7,1.10110831928838,0.0242567989379874
4.75,1.09835708683182,0.0225612729296971
4.8,1.09556151463562,0.0208286387152717
4.85,1.09263414087193,0.0191735412044791
4.9,1.08958814058866,0.0177389676601556
4.95,1.08653047716537,0.016624508424575
5,1.08361121590097,0.0158368399287226
5.05,1.08095358124379,0.0152845809472584
5.1,1.07859769202303,0.0148189695989965
5.15,1.07648392569584,0.0143006323885046
5.2,1.07448271911,0.013660727480808
5.25,1.07245713583088,0.0129281740362695
5.3,1.07032526733904,0.0122108784212019
5.35,1.06809851797228,0.0116406675245181
5.4,1.06599432335906,0.0113082292768547
5.45,1.06378406648458,0.0112184232393939
5.5,1.06193911706135,0.0112874946127127
5.55,1.06036975210358,0.0113797210966163
5.6,1.05901610801301,0.011370574668332
5.65,1.05775569461759,0.0112010200807407
5.7,1.05646055126459,0.0109027507569594
5.75,1.05505587293881,0.0105787137944111
5.8,1.05355274550015,0.0103523739074652
5.85,1.05204016627238,0.0103078174264735
5.9,1.05064083177078,0.0104493651180343
5.95,1.04945190848534,0.0106996690557977
6,1.048498722621,0.0109355361500622
6.05,1.04772274691969,0.0110453198260533
6.1,1.04700892725705,0.010978672213796
6.15,1.046238890071,0.0107699591842483
6.2,1.04534513173987,0.0105179994377336
6.25,1.0443399019026,0.0103391090111597
6.3,1.04330728129942,0.0103115864902039
6.35,1.04236121850144,0.0104391939792339
6.4,1.04159058447269,0.0106501117851157
6.45,1.04101681643612,0.0108313316084405
6.5,1.0405837544952,0.0108817703934207
6.55,1.04018393635223,0.0107591394688939
6.6,1.03970848744795,0.0104986381027814
6.65,1.03909673179612,0.0101952641425411
6.7,1.03836387322508,0.00995848796400105
6.75,1.03758979088486,0.00986098463067318
6.8,1.03688184500615,0.00990522580740917
6.85,1.0363224110866,0.0100236142548186
6.9,1.03593081956639,0.0101112400775088
6.95,1.03565129326584,0.0100757040168656
7,1.03538674937493,0.00988038071519899
7.05,1.03503506809752,0.00956098464354629
7.1,1.03454298510127,0.00920817555001112
7.15,1.03392714947617,0.00892467456933347
7.2,1.03326536716086,0.00877725591672015
7.25,1.03265895301006,0.00876664229276256
7.3,1.03218410787404,0.0088281290435547
7.35,1.03185901081037,0.00886322162358607
7.4,1.0316307901217,0.00878644145219725
7.45,1.03140607659845,0.00856546448158269
7.5,1.03109238789152,0.00823577830405364
7.55,1.03064182140575,0.00788346434772449
7.6,1.03007276479695,0.00760475025705594
7.65,1.02946034554434,0.00746064037544177
7.7,1.02890048941452,0.00744960748634749
7.75,1.02847909480189,0.00750907604460356
7.8,1.02816723313326,0.00754577661677036
7.85,1.02795863054852,0.00747999605411737
7.9,1.02775030614012,0.00728278964858778
7.95,1.02745063680362,0.00698910474394213
8,1.02703337859791,0.00668070011866077
8.05,1.02650125659434,0.0064473972988593
8.1,1.02593243519403,0.00634510943801089
8.15,1.0254170141258,0.00636996794865643
8.2,1.02502211522116,0.00646121637041133
8.25,1.02475912822814,0.00653011762304141
8.3,1.02458006635662,0.00650198218444231
8.35,1.02440067148,0.00635087578381549
8.4,1.02414039787358,0.0061111675885498
8.45,1.02376015961838,0.00586067992052721
8.5,1.02328019059478,0.00568367283866659
8.55,1.02277002837303,0.00563124452980776
8.6,1.02231536012067,0.00569774213759369
8.65,1.02197892864868,0.00582403704974256
8.7,1.02176663495137,0.00592559644943006
8.75,1.02163460795561,0.00593241500153712
8.8,1.02150128140179,0.00582138964665668
8.85,1.02129083682507,0.00562653696722549
8.9,1.02096757804117,0.00542222779771202
8.95,1.02055222378224,0.00528787700642323
9,1.02011154543655,0.00527048563393095
9.05,1.01972658700215,0.00536289909358205
9.1,1.01945451520734,0.00550764450917501
9.15,1.01930219490919,0.0056242635842507
9.2,1.01922312615159,0.00564717799851943
9.25,1.01914030519303,0.00555602565121041
9.3,1.01898218517196,0.00538469400077511
9.35,1.01871616720929,0.00520460651433784
9.4,1.01836334772491,0.00509090947249764
9.45,1.01798891169732,0.00508704878587231
9.5,1.01766705054011,0.00518461664416278
9.55,1.01745400858936,0.00532793824535433
9.6,1.01735199768926,0.00544036228423839
9.65,1.01731722388308,0.00546047724268384
9.7,1.01727516152294,0.00537053369865148
9.75,1.01715823411085,0.00520445757360357
9.8,1.01693673394911,0.00503098904789867
9.85,1.01663223711453,0.00492146617399992
9.9,1.01630686778137,0.0049161523109125
9.95,1.0160342883361,0.00500566479716477
10,1.01586237747766,0.00513638894399891
