1e-05,3.56507072270578e-10,1.65970358093188e-05
0.0001,3.56507047004414e-08,0.000165970357681974
0.001,3.56504520400913e-06,0.00165969421779694
0.01,0.000356251989221025,0.0165874326513321
0.1,0.033224928282841,0.156946626679644
0.12,0.0464169015321146,0.183992140181523
0.14,0.0609936369094576,0.209026199474798
0.16,0.0765568588817218,0.231975441031441
0.18,0.0927186628482617,0.25285519694681
0.2,0.109121603814488,0.271760685032435
0.22,0.125455795575958,0.288854825220436
0.24,0.141471953530439,0.304352767494394
0.26,0.156989647269606,0.318503712523353
0.28,0.1719004101081,0.331571180001278
0.3,0.186165750287051,0.343814960274081
0.32,0.199810490481608,0.355474201820829
0.34,0.212912198218008,0.366753198196135
0.36,0.225587733999064,0.377810667595434
0.38,0.237978117095839,0.388756235770351
0.4,0.250232979781087,0.39964392351062
0.42,0.262495846631367,0.410480799537474
0.44,0.274891343469263,0.421229512885859
0.46,0.28751522352166,0.431818944805579
0.48,0.300427818633281,0.442156630301259
0.5,0.313651207422351,0.452139616116594
0.52,0.327170064890301,0.46166596106008
0.54,0.340935850965899,0.470650010762655
0.56,0.35487373245933,0.479023792175042
0.58,0.368891432317797,0.486748359918327
0.6,0.382889086074414,0.493824977257465
0.62,0.396769128245487,0.500251995342341
0.64,0.410445346068238,0.50610221465161
0.66,0.423850269824761,0.511436616813317
0.68,0.43694034510555,0.516344595199796
0.7,0.449698538249916,0.520913609159486
0.72,0.462134260565125,0.52523600198053
0.74,0.474280778019743,0.529390377749402
0.76,0.486190482624768,0.533439140028626
0.78,0.497928581597313,0.537424110437858
0.8,0.509565884732613,0.541363645670699
0.82,0.521171422501357,0.54525308613083
0.84,0.53280559950806,0.549067339015445
0.86,0.544514525887705,0.552761427428077
0.88,0.556325988390244,0.556283440792448
0.9,0.568247409197437,0.559574368687507
0.92,0.580265868866916,0.562576562927954
0.94,0.592350121341264,0.565241562581439
0.96,0.604454300902122,0.56753065823173
0.98,0.616522914967162,0.569425288034528
1,0.628496579832966,0.570925994314824
1.02,0.640317897892504,0.572045735871726
1.04,0.651936901294897,0.572813943607553
1.06,0.663315587652056,0.573283341460739
1.08,0.674431087051926,0.573501383762271
1.1,0.685277215763926,0.573530463548128
1.12,0.695864387104932,0.57342262142248
1.14,0.706217819314878,0.573224698404355
1.16,0.716374411397874,0.572974924760342
1.18,0.726378551807104,0.572694761032458
1.2,0.73627734268938,0.572389963346492
1.22,0.746115718630368,0.572059706496554
1.24,0.755931947847729,0.571676912209903
1.26,0.765753941527073,0.571209285691197
1.28,0.775596711705845,0.57062067260759
1.3,0.785461190758975,0.569866358683416
1.32,0.795334486810369,0.568912724168709
1.34,0.805191526545193,0.567724363215208
1.36,0.814997739809368,0.566280653359088
1.38,0.82471290878036,0.564571286290528
1.4,0.834295075240236,0.562599122887422
1.42,0.843704806753046,0.560379603802291
1.44,0.852908978141665,0.557939589266607
1.46,0.861883836012828,0.555314330822028
1.48,0.870617046273716,0.55254459880022
1.5,0.879108603500346,0.549672078363344
1.52,0.887370396895258,0.546733998854794
1.54,0.895424693948641,0.543768651803568
1.56,0.903301592732997,0.540794783417641
1.58,0.911035621790608,0.537827608965944
1.6,0.918662887924769,0.534868205299134
1.62,0.926216004377098,0.53190795821296
1.64,0.933721908455032,0.528927918209556
1.66,0.941199452851333,0.525901036369716
1.68,0.948656930894878,0.522798131007836
1.7,0.956091948509055,0.519587792209843
1.72,0.963491812803151,0.516242948887599
1.74,0.970835037719191,0.512739884755744
1.76,0.978093701554123,0.509065619774792
1.78,0.98523638568357,0.505217032310783
1.8,0.992231431579972,0.501198115591148
1.82,0.999050089223818,0.497024936199596
1.84,1.00566939057548,0.492721529079432
1.86,1.01207430943607,0.488317053634338
1.88,1.01825914865852,0.48384432373963
1.9,1.02422791025262,0.479336114292225
1.92,1.02999372663432,0.474822649599497
1.94,1.03557738042192,0.470326075364292
1.96,1.0410050943449,0.465864354296517
1.98,1.04630582509235,0.461444479929288
2,1.0515083413281,0.457064351557394
2.05,1.06423982339527,0.446203749478066
2.1,1.07672205985843,0.435200600008727
2.15,1.08886363255924,0.423699538560015
2.2,1.10033743326292,0.411552364014399
2.25,1.11079168671987,0.398903818171112
2.3,1.12006666104979,0.386103263610334
2.35,1.12828855056759,0.373537213870252
2.4,1.13579073101661,0.361389121298707
2.45,1.14291579086236,0.349571271729389
2.5,1.14982112491037,0.337802322569513
2.55,1.15640277176578,0.325798424238415
2.6,1.16237796782312,0.313459128605948
2.65,1.16747109174288,0.300933134791785
2.7,1.17158858416261,0.28853604648371
2.75,1.17487939369212,0.276568879892745
2.8,1.17764917822255,0.265151743812697
2.85,1.18018458759456,0.25417110658387
2.9,1.18259559928522,0.243366055258393
2.95,1.18476849255956,0.232499560559617
3,1.18645406926309,0.221508297490479
3.05,1.18743370355988,0.210543003063192
3.1,1.18766166633132,0.199879146084943
3.15,1.18729969326873,0.189756068026659
3.2,1.18662675324068,0.180240457698973
3.25,1.18588157563175,0.171198692204406
3.3,1.18513415539672,0.162387608701902
3.35,1.18426180138143,0.153603723676808
3.4,1.18304098771751,0.144814682949746
3.45,1.18129629231209,0.13616853036014
3.5,1.17901638465229,0.127906250176063
3.55,1.17636798478094,0.120215259418159
3.6,1.1736029651374,0.113119938073899
3.65,1.17091679158889,0.10647186589871
3.7,1.16834438248872,0.100043230399388
3.75,1.16575456967212,0.0936637958638438
3.8,1.16294376133547,0.0873228850786039
3.85,1.15977010797114,0.0811651335299422
3.9,1.15624685843867,0.0754019331435986
3.95,1.15253995447548,0.0701783728335628
4,1.14887393413173,0.0654854031767264
4.05,1.14540468933212,0.061165813368536
4.1,1.14213614460283,0.0570086596618318
4.15,1.13892964686382,0.0528729508483548
4.2,1.13559815948292,0.0487663892297193
4.25,1.13202676499231,0.0448325805261604
4.3,1.12824663248755,0.0412572092800532
4.35,1.12441922521497,0.0381505688497853
4.4,1.1207423169653,0.0354782256508464
4.45,1.11733593749606,0.0330798229500696
4.5,1.11417723747657,0.030762868050023
4.55,1.11112200833545,0.028413639731978
4.6,1.10799823283329,0.0260582746796303
4.65,1.10471383364912,0.0238385615298665
4.7,1.10131371373637,0.021918806847298
4.75,1.09795292303807,0.0203811376178717
4.8,1.09480397527581,0.0191725789905324
4.85,1.09195518265299,0.0181341624417477
4.9,1.08936141714109,0.0170933523417064
4.95,1.08687565460573,0.0159627181373128
5,1.08434078836255,0.0147854717745712
5.05,1.08168590435379,0.0137018558768383
5.1,1.07896542020125,0.012857916696515
5.15,1.07632915013067,0.0123127904291674
5.2,1.07392592794723,0.0120001604063693
5.25,1.07181667795822,0.0117660246004758
5.3,1.0699387005618,0.0114586073372514
5.35,1.06814529829335,0.0110153666717742
5.4,1.06629496125779,0.0104949230578695
5.45,1.06433558936989,0.010035626610511
5.5,1.06233321236273,0.00976729444139947
5.55,1.06042898381042,0.00972971821329507
5.6,1.0587521159277,0.00984713384152618
5.65,1.05733907551634,0.00997275031288641
5.7,1.05611536793721,0.00997547533179912
5.75,1.0549372703432,0.00981577206726021
5.8,1.05367957996593,0.00956535708196811
5.85,1.05230939725058,0.00935979195692236
5.9,1.050900991093,0.00931343560770792
5.95,1.04958908918497,0.00944939825489365
6,1.0484840801274,0.00968501128187071
6.05,1.04760436696737,0.00988192563412866
6.1,1.0468649837515,0.0099290035265806
6.15,1.04612865779545,0.00980682401630551
6.2,1.04528752580476,0.00959798402686111
6.25,1.04432583953513,0.00943344336293315
6.3,1.0433262053999,0.00941271460745335
6.35,1.0424165690521,0.00954354805488311
6.4,1.04169075643127,0.00973814380428244
6.45,1.0411508988014,0.00986706835627691
6.5,1.04070601868743,0.00983747730707962
6.55,1.0402261670781,0.00964832221342041
6.6,1.03962264301445,0.00938926167405483
6.65,1.03889430676139,0.00918528902835418
6.7,1.03813036228581,0.00912085539485163
6.75,1.03745303237524,0.00918965129154059
6.8,1.03693964517164,0.00929991639738845
6.85,1.03657885271391,0.00933123014610936
6.9,1.0362760474767,0.0092077223130906
6.95,1.03591107749747,0.008943454573984
7,1.03541016978398,0.00863297185072759
7.05,1.03478897069841,0.00839349561661874
7.1,1.03414109879356,0.00829434982500946
7.15,1.0335799992583,0.00831621624533061
7.2,1.03316966137394,0.00836448853178082
7.25,1.03288629236836,0.0083277541176545
7.3,1.03263330884075,0.00814564853534806
7.35,1.03230042659462,0.00784496031743917
7.4,1.03182980395836,0.00752270803387833
7.45,1.03125004394893,0.00728708371599635
7.5,1.0306575532954,0.00719244871658797
7.55,1.03015729788993,0.00720766891398162
7.6,1.02979927021493,0.0072364097761096
7.65,1.02954895377832,0.00717641518135154
7.7,1.02930926752901,0.00698161975620207
7.75,1.02897988373275,0.00668948099288568
7.8,1.02851779869828,0.00639755944718821
7.85,1.02796260645043,0.00620414574730605
7.9,1.02741383414215,0.00614918746485624
7.95,1.02696037447562,0.00619110169697938
8,1.0266453834439,0.00623309544285766
8.05,1.02642269327506,0.00618238430105461
8.1,1.02619569625547,0.00600621863033008
8.15,1.02587416079678,0.00575102238917277
8.2,1.02542874921768,0.00551342527856257
8.25,1.02490809854558,0.00538136567768605
8.3,1.02440865804074,0.00538115817368081
8.35,1.02401603854718,0.00546234983712751
8.4,1.02375361462913,0.00552907265444173
8.45,1.02356928908177,0.0054983653573919
8.5,1.02336797323545,0.00535000816286107
8.55,1.02306957762433,0.00513807634995416
8.6,1.0226572973981,0.00495691055571791
8.65,1.02218710246779,0.00488408931070719
8.7,1.02175315023,0.00493324360534794
8.75,1.02143061208983,0.00504668994952093
8.8,1.02123053556147,0.00513083507871339
8.85,1.02109396413077,0.0051129336940634
8.9,1.02092836283585,0.00498464594837071
8.95,1.02066386898961,0.00480605004776578
9,1.02029521557784,0.00466882201465743
9.05,1.01988417001459,0.00463966265504771
9.1,1.01952146494114,0.00472093437183359
9.15,1.01927163823543,0.00484919094567061
9.2,1.01913432331849,0.00493438173650579
9.25,1.01904512240792,0.0049142165955487
9.3,1.01891508045623,0.00479139713015679
9.35,1.01868463984478,0.00463110618516245
9.4,1.01835916889259,0.00452081770256907
9.45,1.01800493605006,0.00451713993572249
9.5,1.01770822796463,0.00461181151142535
9.55,1.01752312359267,0.00473727340687335
9.6,1.01743882316825,0.0048080425015166
9.65,1.01738685744475,0.00477235456567206
9.7,1.01728031374746,0.00464307910378322
9.75,1.0170778535789,0.00448912930677171
9.8,1.01678538175579,0.00439328546470974
9.85,1.01647876085832,0.00440185628307334
9.9,1.01623553440782,0.00449716089019012
9.95,1.01610069501404,0.00460878819315693
10,1.01605407988584,0.00465664812290989
