1e-05,6.23887375558477e-10,1.90400367579265e-05
0.0001,6.23887240754261e-08,0.000190400325541913
0.001,6.23873760543989e-06,0.00190397441652987
0.01,0.000622527850145408,0.0190108579192001
0.1,0.0507067759602052,0.166224309769094
0.12,0.06714316778587,0.18991197975784
0.14,0.0832736823669112,0.210658466396963
0.16,0.098526595598459,0.229202323498313
0.18,0.112705742091118,0.246337396860603
0.2,0.125946559789348,0.262750651318306
0.22,0.138610342182305,0.278907314232947
0.24,0.151146616470696,0.295002789782534
0.26,0.163958285320999,0.310976131108428
0.28,0.177300316329732,0.326591890603122
0.3,0.19123179701164,0.34154315902839
0.32,0.205626260466668,0.355560935296188
0.34,0.220230304398638,0.368495256039727
0.36,0.234749401428723,0.380353488197535
0.38,0.248935037345025,0.391289234623731
0.4,0.26264953808745,0.40155144281741
0.42,0.275893253408946,0.41141032624764
0.44,0.288790298256918,0.421085133305914
0.46,0.301540697416077,0.430692111781651
0.48,0.314355304778386,0.440225136189778
0.5,0.327393263990335,0.449573692293424
0.52,0.340719448644245,0.45856716963749
0.54,0.354292397043179,0.467034571353517
0.56,0.367983813595795,0.47485668934383
0.58,0.381621765340795,0.482005332875008
0.6,0.39504345415184,0.488541354726033
0.62,0.408141710250604,0.494600375523648
0.64,0.420892214445931,0.500348694111725
0.66,0.433354803277464,0.505935032695951
0.68,0.445650064707737,0.511451185275397
0.7,0.457919584123608,0.516911238645466
0.72,0.47028235767493,0.522253682059458
0.74,0.482800344792895,0.527366207319631
0.76,0.495462681505895,0.532124716562035
0.78,0.508192303914126,0.536432328429946
0.8,0.520871637953782,0.540248675920635
0.82,0.533379044407594,0.543601765856203
0.84,0.545624610696848,0.546577119407007
0.86,0.557574834932653,0.549291849163801
0.88,0.569259438097204,0.551860965852749
0.9,0.580759101019447,0.554362817544555
0.92,0.592178679045213,0.55682274442986
0.94,0.603614406520083,0.559223159285226
0.96,0.615125115573737,0.561430993017629
0.98,0.626715800415538,0.563404451061198
1,0.638337908189974,0.56504437119283
1.02,0.649905571157971,0.566306744224902
1.04,0.661322334560794,0.567199094608478
1.06,0.67250998743311,0.567780074835672
1.08,0.683430850782755,0.568139093509297
1.1,0.694097172814976,0.568368051338176
1.12,0.704565231987277,0.568538436828
1.14,0.714916530854149,0.568680327092309
1.16,0.725232126002301,0.568776113102223
1.18,0.735567996998304,0.568768129906544
1.2,0.745938788176888,0.568579355079398
1.22,0.756314494119323,0.568141536653111
1.24,0.766630611720823,0.56740760810597
1.26,0.776808324256047,0.566375858372926
1.28,0.786778353150218,0.565085298181821
1.3,0.796501185698472,0.563600303460573
1.32,0.805977735723066,0.56201171461768
1.34,0.815247611793561,0.560372104439194
1.36,0.824375786201008,0.558718373049332
1.38,0.833432090808507,0.557045650532195
1.4,0.84246984760569,0.555320159891058
1.42,0.851510102106753,0.553455271610328
1.44,0.860536023827964,0.551414339029671
1.46,0.869498814100752,0.549143312871202
1.48,0.878333172422308,0.546633192243174
1.5,0.886977196739105,0.543909154255027
1.52,0.895390812720146,0.541025420384852
1.54,0.903567147357604,0.538048756396436
1.56,0.911533581797979,0.535038902929547
1.58,0.919342533980861,0.532030536048337
1.6,0.927054917297585,0.529027095300704
1.62,0.934721462158605,0.525999605607844
1.64,0.942367625564064,0.522897008748399
1.66,0.949986457936335,0.51966311550037
1.68,0.957541446693511,0.51625982908816
1.7,0.964978178901663,0.512661151625474
1.72,0.97224119425099,0.508891983718355
1.74,0.979290704374284,0.504991621595492
1.76,0.986114247342831,0.501017663782906
1.78,0.992729838189972,0.497024496084327
1.8,0.999179850456112,0.49304860048788
1.82,1.00551771855843,0.489100458785526
1.84,1.01179160386472,0.485158896935833
1.86,1.01802998508739,0.481182617862389
1.88,1.02423359333097,0.477122722963854
1.9,1.03037583483223,0.472937066071733
1.92,1.03641148691672,0.46860809802355
1.94,1.04229086681895,0.464141439032953
1.96,1.04797504108641,0.459570644598526
1.98,1.05344749656698,0.454944334497193
2,1.05871880450001,0.450313584756993
2.05,1.0712686810972,0.438899759101944
2.1,1.08340951074328,0.427561590854598
2.15,1.09515136661935,0.415749300888581
2.2,1.1059409621592,0.403399177971976
2.25,1.11560287787972,0.391077456479308
2.3,1.12462694359859,0.379080946968103
2.35,1.13336509409809,0.367028226113192
2.4,1.14148870159785,0.354555899648497
2.45,1.14857603604465,0.341956634106874
2.5,1.15482797871059,0.329727651603628
2.55,1.16074356805454,0.317794593835279
2.6,1.16632481437191,0.305700817825353
2.65,1.17112265131836,0.293406352511415
2.7,1.17501646772925,0.281373611241851
2.75,1.17843022376177,0.269834477270607
2.8,1.18165419307877,0.258451719882864
2.85,1.18440998107636,0.246924099954181
2.9,1.18635878571369,0.235503456218868
2.95,1.18769082416954,0.224595376316912
3,1.18883179599365,0.214113429194822
3.05,1.1897753323946,0.203663408444989
3.1,1.19014316506868,0.193216053466388
3.15,1.18985126641773,0.183162504464284
3.2,1.18927135470328,0.17367879796647
3.25,1.18864743921357,0.164459479489073
3.3,1.18773337664444,0.155245000635899
3.35,1.1862472162337,0.146255238639942
3.4,1.18436748692571,0.137824679034742
3.45,1.18246172411612,0.129859438436709
3.5,1.1805133207605,0.122008081749244
3.55,1.17819284498241,0.114248560470221
3.6,1.17543861803429,0.106916872523604
3.65,1.1725818823476,0.10014711747455
3.7,1.16982446374209,0.0936569419122057
3.75,1.1669417895822,0.087218765464898
3.8,1.16369139210581,0.0810273165150705
3.85,1.16023883801934,0.0753644570815113
3.9,1.15690299549617,0.0701287324050517
3.95,1.15365558236455,0.0650042046209524
4,1.15020153863742,0.0599753577739387
4.05,1.14649355831275,0.0553357778081632
4.1,1.14282636507117,0.0511885025058335
4.15,1.13936680377701,0.0472709710593955
4.2,1.13590385211805,0.0433824424281239
4.25,1.13222339310289,0.0396996122702606
4.3,1.12847792230906,0.036464607359837
4.35,1.12494487835991,0.0335725519536602
4.4,1.12158441817241,0.0307377769494143
4.45,1.11812690265474,0.0279525097550236
4.5,1.1145345012036,0.0254787155779205
4.55,1.1110706721052,0.0233970522564308
4.6,1.10787236382838,0.0214634963391217
4.65,1.10473823632451,0.0195019046665079
4.7,1.10147602729839,0.0176769558247493
4.75,1.09822643798281,0.0162009351309259
4.8,1.09523223502884,0.0149691035117398
4.85,1.09244348452729,0.0137233854712927
4.9,1.08961106292759,0.0124649376711341
4.95,1.08670460967731,0.0114323756138994
5,1.08396156501564,0.010690467768928
5.05,1.08149423494967,0.010013212667497
5.1,1.07910961499633,0.00924752134002636
5.15,1.07663398482455,0.00855020704728035
5.2,1.07419864887742,0.00811132890112544
5.25,1.07201801113967,0.0078284082459436
5.3,1.07003458497902,0.00746877085405745
5.35,1.06801737894935,0.00704308719402617
5.4,1.06594325002422,0.00677224984412107
5.45,1.06402875543323,0.00670956630410028
5.5,1.06236665186233,0.00664619413997873
5.55,1.06077235656604,0.00644999724403049
5.6,1.05908914360296,0.00627268288104489
5.65,1.05744167957509,0.00628661830526116
5.7,1.05605325178301,0.00639287492077332
5.75,1.05476689175081,0.00638153546988663
5.8,1.05346328507784,0.00627220817723701
5.85,1.05209539776091,0.00627159380200145
5.9,1.05086340835626,0.00642402346511146
5.95,1.04984495581434,0.00653603638559171
6,1.04886434641535,0.00649405163874456
6.05,1.04778103996577,0.00644570879167076
6.1,1.04671542381412,0.00654850164080826
6.15,1.04584120017709,0.00670678276454559
6.2,1.04509348082855,0.00673040184098756
6.25,1.04427454598323,0.00664679188478441
6.3,1.04337688869851,0.00665004190546353
6.35,1.04258777745768,0.00677662977806879
6.4,1.04197309469784,0.00684630414769091
6.45,1.04136625171359,0.00676122961110141
6.5,1.04064199281656,0.00666498818795292
6.55,1.03991801446089,0.00670162851731764
6.6,1.03935335808758,0.00677793652828194
6.65,1.03888194580578,0.0067205442736076
6.7,1.03832131954252,0.00656288946707444
6.75,1.03767177023596,0.00648732198395737
6.8,1.03710985390503,0.00652281033930908
6.85,1.03669201753722,0.00650000132914453
6.9,1.03626051745102,0.00633411926506231
6.95,1.03570389325148,0.00616427144602808
7,1.03513797846958,0.00612187405195816
7.05,1.03471002162259,0.00611522308441622
7.1,1.03435131289088,0.00598471822881806
7.15,1.03389533557638,0.00576848812759699
7.2,1.03334858392482,0.00563756378575344
7.25,1.03287868074358,0.00561342862005807
7.3,1.03253307602236,0.00553582442109638
7.35,1.03216243313158,0.00533070819747677
7.4,1.03166780907331,0.00513239764735809
7.45,1.03116313382994,0.00506033307692786
7.5,1.03078361186632,0.00502344313158677
7.55,1.03046175546886,0.00487419486616999
7.6,1.03004181254791,0.00465379853560296
7.65,1.02953650796635,0.00452262038554507
7.7,1.02910486417094,0.00449503074504535
7.75,1.02878723742102,0.00441832762512155
7.8,1.02844041943219,0.00422781613941905
7.85,1.02797672494845,0.00405278333896263
7.9,1.02750797659033,0.00400147001779131
7.95,1.02715800814477,0.00398357123012935
8,1.02685995163052,0.00386158431952592
8.05,1.02646786334816,0.00367931828521339
8.1,1.02599941069217,0.00358729740194387
8.15,1.0256061002947,0.00359323206075662
8.2,1.02531993629241,0.00355142951164797
8.25,1.02500423881279,0.00340496346198176
8.3,1.02458062322102,0.00327881342326937
8.35,1.02415865067225,0.00327117645324087
8.4,1.02385263514895,0.00329169841475565
8.45,1.02359353580175,0.00321278596595123
8.5,1.02324596138205,0.00308032683365367
8.55,1.02283142284912,0.00303576410034723
8.6,1.02249250028608,0.00308113325023661
8.65,1.02225580791088,0.00307701186862307
8.7,1.02198941092574,0.0029739817908318
8.75,1.02162293184135,0.0028928483485602
8.8,1.02126329861966,0.00292270574127572
8.85,1.02101563225568,0.00297393714499457
8.9,1.02081113633908,0.00292763727278518
8.95,1.02052077665606,0.00283191761124311
9,1.02017091213644,0.00282009927721307
9.05,1.01989659810583,0.00288915822397703
9.1,1.01971822494154,0.00290599363271228
9.15,1.0195079564158,0.00282756991792026
9.2,1.01920362605308,0.0027715149579427
9.25,1.01890901749508,0.00281870630642602
9.3,1.01872185682881,0.00288040714038788
9.35,1.01857260306719,0.00284593467805337
9.4,1.01833717082092,0.0027653828935155
9.45,1.01804818413397,0.0027651968008582
9.5,1.01783298878306,0.00283720727672307
9.55,1.01770590241684,0.00285457016106403
9.6,1.01754434792474,0.00278105960867604
9.65,1.017292532919,0.00273044061379817
9.7,1.01705235133212,0.00277650452174329
9.75,1.01691312044679,0.00283142902283555
9.8,1.01680395362775,0.00279235808029492
9.85,1.01661182006972,0.00271134753311953
9.9,1.01636860551683,0.00270765865577331
9.95,1.01619652756782,0.00276994702666267
10,1.01610285041384,0.00277632529520683
