1e-05,8.91267677349046e-10,2.06090398028339e-05
0.0001,8.91267284771224e-08,0.000206090320951124
0.001,8.91228028244902e-06,0.00206084406909065
0.01,0.000887314908769697,0.0205497238234116
0.1,0.0598951636634345,0.165182319350855
0.12,0.0747964582163853,0.186371955393784
0.14,0.0882730288369481,0.206133976178674
0.16,0.100951964702884,0.225515750886065
0.18,0.113719180190093,0.244804722840282
0.2,0.127204437990594,0.263651805126109
0.22,0.141505929010036,0.281462629300814
0.24,0.156239543898746,0.297807383211964
0.26,0.170830236019959,0.312676798056592
0.28,0.184856224530074,0.326452045745864
0.3,0.198257765924741,0.339668313235115
0.32,0.21131880116165,0.352721801749437
0.34,0.224461846653154,0.365694504742054
0.36,0.237991594541814,0.378355523631004
0.38,0.251934511153322,0.390359503415885
0.4,0.266052711480398,0.401462858388402
0.42,0.280005802975542,0.411671017129569
0.44,0.293554755256828,0.421222191208295
0.46,0.306688588421327,0.430442329436317
0.48,0.319609128543682,0.439560054932006
0.5,0.332594910197965,0.448591184112176
0.52,0.345832324795486,0.45735874693065
0.54,0.359313431701473,0.465617804303158
0.56,0.372854048700958,0.473211283570539
0.58,0.3862126260108,0.480163063987818
0.6,0.399234158289718,0.486658357373881
0.62,0.411933395382015,0.492925090463628
0.64,0.424474153620125,0.499121463298694
0.66,0.437062552202291,0.505227913276412
0.68,0.449822291383584,0.511094905907131
0.7,0.462726217749724,0.51653828928347
0.72,0.475619149679071,0.521449580252505
0.74,0.488316041197745,0.525866364279416
0.76,0.5007110931012,0.529943585249316
0.78,0.51283488843163,0.533860935973782
0.8,0.524828197560814,0.537718962426968
0.82,0.536852237150643,0.541489334873906
0.84,0.548991397592632,0.545040047367879
0.86,0.561206049832512,0.548223456565622
0.88,0.573360824560093,0.550967747290857
0.9,0.585308173762778,0.55331598434001
0.92,0.596975359370563,0.555406503617343
0.94,0.608402979839938,0.557381230848361
0.96,0.619716567373648,0.559310612889763
0.98,0.631044958961419,0.561154732987555
1,0.642445467253353,0.562797881064375
1.02,0.653870467584874,0.56411493119871
1.04,0.665199340983356,0.565063334603586
1.06,0.676312166987462,0.565693089309582
1.08,0.687160228182528,0.566125164591774
1.1,0.697791522226451,0.566476705848988
1.12,0.708317922807419,0.566794362066226
1.14,0.718845550773603,0.567033346406689
1.16,0.729411069175741,0.567083119824823
1.18,0.739961597427265,0.566850308644684
1.2,0.750388600758366,0.566303511138558
1.22,0.760593835338927,0.56549990265942
1.24,0.770546963794103,0.564548173897467
1.26,0.780300835811441,0.563544292528946
1.28,0.789956752445426,0.562517889231992
1.3,0.79960192097486,0.561418017176083
1.32,0.809257315281291,0.560148234323217
1.34,0.818866700363811,0.558629482965386
1.36,0.828332043764734,0.556845538852913
1.38,0.837572862851024,0.55485718599805
1.4,0.846573401616098,0.552763214217063
1.42,0.85538975094843,0.550640399315
1.44,0.864113915411613,0.548505722380252
1.46,0.87281744499189,0.546306255350141
1.48,0.881508873326205,0.543955047041427
1.5,0.890130028210418,0.541384632735983
1.52,0.898592339886359,0.538594474730603
1.54,0.906830376489171,0.535644502655469
1.56,0.914840190892553,0.532624575333055
1.58,0.922679854044208,0.52959867524243
1.6,0.930432939308904,0.526573234718664
1.62,0.938157664581157,0.523489607458268
1.64,0.945852518519758,0.520268501869598
1.66,0.953458511984372,0.516865418178325
1.68,0.960895822861442,0.513278437602764
1.7,0.968112053085051,0.509572276398392
1.72,0.975112935942419,0.505828069133655
1.74,0.981957520503522,0.50209697596072
1.76,0.988721530940608,0.498375955260365
1.78,0.995451608532139,0.494607006494124
1.8,1.00213806129399,0.49072032285106
1.82,1.0087219844741,0.486673939822087
1.84,1.01513177899094,0.482482124160688
1.86,1.02132648119022,0.478209574668778
1.88,1.02731983432457,0.473925537190555
1.9,1.03317100008782,0.469672292948532
1.92,1.03894828711498,0.465437416166222
1.94,1.04468815698096,0.461164800246753
1.96,1.05037421605868,0.456791170192267
1.98,1.05594839321001,0.452284871281083
2,1.06134688892837,0.44766882968278
2.05,1.07399557612405,0.436034512566212
2.1,1.08600776464334,0.424543396852838
2.15,1.09754909478276,0.412610769059364
2.2,1.10801612868754,0.400385590145378
2.25,1.11777252002177,0.388401732492974
2.3,1.12713248656004,0.376176911173716
2.35,1.13552937657432,0.363684968794994
2.4,1.14316387207384,0.351496763415509
2.45,1.15045753537214,0.339256332262518
2.5,1.15691904538547,0.326787156945357
2.55,1.16259187385255,0.314649511299369
2.6,1.16795186480659,0.302633247515383
2.65,1.1726414560436,0.290438212091228
2.7,1.17653316419462,0.278580052324181
2.75,1.18014410368893,0.26698377429342
2.8,1.18321006613953,0.255273832997872
2.85,1.18551535858333,0.243883039574271
2.9,1.18754955436084,0.232870893220365
2.95,1.18917946954063,0.221817052902301
3,1.19010112900325,0.211051992828606
3.05,1.19075243907749,0.200750032793534
3.1,1.19112941350828,0.190484475731164
3.15,1.19087249264949,0.180468316711749
3.2,1.19034095051894,0.170968631405465
3.25,1.18964923938992,0.161585235109407
3.3,1.18841573944677,0.15240866086127
3.35,1.1869022177709,0.143771646922205
3.4,1.18532334151908,0.135328326609457
3.45,1.1833074434351,0.127052025078969
3.5,1.18100860465679,0.119308929562072
3.55,1.17871784823577,0.111830446899969
3.6,1.17610193549286,0.104485015600483
3.65,1.17320566247048,0.0976418108481709
3.7,1.17036900987097,0.0911246438828782
3.75,1.16732043950415,0.0847140849426729
3.8,1.1640018950553,0.0787556910880273
3.85,1.16077345242187,0.0731699356810572
3.9,1.15744218077084,0.0676749897295661
3.95,1.15386045161011,0.0625671504527525
4,1.15038048363885,0.0578630137860083
4.05,1.14689750558941,0.0532439715587319
4.1,1.14319324056288,0.0489380996175402
4.15,1.1395864701371,0.0450494970435506
4.2,1.13606310924169,0.0412496934750167
4.25,1.13235676880064,0.0376859902442923
4.3,1.1287314665439,0.0345353879196793
4.35,1.1252593144275,0.0314850467574146
4.4,1.12165048898619,0.028584938268784
4.45,1.11809772562487,0.0260980968675102
4.5,1.11474930466613,0.0237181724565126
4.55,1.11131562772248,0.0214302036236482
4.6,1.1079102150667,0.0194980149948297
4.65,1.10474021170386,0.0177034557674497
4.7,1.10153956417192,0.0159421019111021
4.75,1.09833880884872,0.0144875688786371
4.8,1.09538538822721,0.0131908863522913
4.85,1.09245628803613,0.0118813673711393
4.9,1.08950189826212,0.0108202528109162
4.95,1.08678899851616,0.00993466046980433
5,1.08415229939074,0.00900439908330782
5.05,1.08147119869912,0.00825846441163581
5.1,1.0790104029514,0.00770061640810793
5.15,1.07667171153011,0.00708054823173273
5.2,1.07427740799594,0.00657906563657228
5.25,1.07207101696229,0.00627130612262736
5.3,1.07002226572642,0.00589759886489782
5.35,1.06791717381724,0.00557874722870797
5.4,1.06595545129054,0.00545115041761171
5.45,1.06418171378612,0.00526574014753509
5.5,1.06235610450657,0.00507710074117227
5.55,1.06062788026044,0.00506856629430872
5.6,1.05910420199434,0.00502002723365042
5.65,1.05754116714298,0.00491872383724805
5.7,1.05603225813479,0.00497795113310779
5.75,1.05472692377972,0.00502169526624794
5.8,1.05340556019986,0.00497403461102946
5.85,1.05209066963295,0.00505963056349905
5.9,1.05097434442577,0.00515826916865583
5.95,1.04986648972443,0.00513897176318389
6,1.04872692321422,0.00522021354479327
6.05,1.04776660145532,0.00534249864004115
6.1,1.04684181919944,0.00533376446555344
6.15,1.04585201945438,0.00538883514468576
6.2,1.04502115469503,0.00551087899876257
6.25,1.04424958146938,0.00550121062883367
6.3,1.04339612462223,0.00551697785735063
6.35,1.04265806616972,0.00562071722429523
6.4,1.0420082585469,0.00560357773845574
6.45,1.04126663209645,0.00557448238203451
6.5,1.04060291024134,0.00564758618367524
6.55,1.04004607678507,0.00562034515716915
6.6,1.03939859657225,0.00554706327894386
6.65,1.03878810640214,0.00558221023408103
6.7,1.03829832282987,0.00554481158012122
6.75,1.03772832495173,0.00543279595235799
6.8,1.03715644257472,0.005426975971104
6.85,1.03671069280129,0.00538104332674209
6.9,1.03620349877064,0.00523898990634784
6.95,1.03565939859218,0.00519295559470491
7,1.03523905291968,0.00514087983300894
7.05,1.03478180790167,0.00497966526829898
7.1,1.03425887904375,0.00489690924068305
7.15,1.03384970212338,0.00484122169696393
7.2,1.03343119093614,0.00467213272004644
7.25,1.03292487898335,0.00455858554722125
7.3,1.03251749144568,0.00450141800792923
7.35,1.03212884626533,0.00433540614107733
7.4,1.03164136442826,0.00419848480069544
7.45,1.03122724789019,0.00414149597965621
7.5,1.03086047143106,0.00398832283903829
7.55,1.03039007334672,0.00383617819593846
7.6,1.02997027115961,0.00378019324065941
7.65,1.02961892274568,0.00364744822979069
7.7,1.0291717757065,0.00348862578052702
7.75,1.02874294613178,0.00343394635360772
7.8,1.02840279193608,0.00332696220955609
7.85,1.02797989486871,0.00316968282732044
7.9,1.02754764112132,0.00311596809103108
7.95,1.02721395384926,0.00303739307348986
8,1.02681860108626,0.00288922425025173
8.05,1.02638583110632,0.00283585995886262
8.1,1.02605858717114,0.00278603782802657
8.15,1.02569260297737,0.00265320178933171
8.2,1.02526904179462,0.00259947758798213
8.25,1.02494324860615,0.00257633439698105
8.3,1.02460747461242,0.00246380098726274
8.35,1.02419153414707,0.00240910693250229
8.4,1.02387506943811,0.00240874828201225
8.45,1.02356925951362,0.00231995513362021
8.5,1.02318066566694,0.00226392994646714
8.55,1.02286058693673,0.00228104644416579
8.6,1.02258326432254,0.00221766832518387
8.65,1.02222081751185,0.00216040312923317
8.7,1.02190481343367,0.00218891148564032
8.75,1.02165344620364,0.00215091705562863
8.8,1.02132171665749,0.00209312522913635
8.85,1.02101192031552,0.00212661495718037
8.9,1.02078250475277,0.00211251239935926
8.95,1.02048402998816,0.00205523216380695
9,1.02018270242731,0.00208769087144154
9.05,1.01997121474856,0.00209462463515329
9.1,1.01970724118983,0.00203933691753594
9.15,1.01941686193397,0.00206535765460349
9.2,1.01921882133187,0.0020894780498399
9.25,1.01898892887276,0.00203782540084714
9.3,1.01871138072649,0.00205762123648502
9.35,1.01852303771189,0.00208989472366628
9.4,1.01832491137626,0.00204375704783848
9.45,1.0180638285893,0.00204608802218528
9.5,1.01788024015573,0.00208970373540733
9.55,1.0177103115655,0.00205081477563484
9.6,1.01746743480746,0.00203778800375393
9.65,1.01728587934896,0.00208429939154043
9.7,1.01713951606027,0.00205394241907756
9.75,1.01691640410419,0.00202656285166922
9.8,1.0167344912015,0.00207009839296955
9.85,1.01660592954332,0.0020494208841857
9.9,1.01640493467658,0.00200888991029745
9.95,1.0162210682334,0.0020455263925867
10,1.01610545161475,0.00203475320711249
